590 588 618 588 618 628 590 628 neuron 0
569 562 594 562 594 602 569 602 neuron 0
541 499 565 499 565 536 541 536 neuron 0
527 484 551 484 551 524 527 524 neuron 0
547 471 568 471 568 509 547 509 neuron 0
490 603 517 603 517 639 490 639 neuron 0
504 582 528 582 528 622 504 622 neuron 0
387 571 414 571 414 611 387 611 neuron 0
386 544 410 544 410 577 386 577 neuron 0
398 524 422 524 422 563 398 563 neuron 0
388 514 407 514 407 550 388 550 neuron 0
351 507 374 507 374 544 351 544 neuron 0
335 495 359 495 359 529 335 529 neuron 0
498 429 526 429 526 471 498 471 neuron 0
536 356 562 356 562 393 536 393 neuron 0
574 344 599 344 599 381 574 381 neuron 0
415 439 444 439 444 479 415 479 neuron 0
426 419 453 419 453 457 426 457 neuron 0
424 396 450 396 450 429 424 429 neuron 0
398 433 423 433 423 471 398 471 neuron 0
297 497 325 497 325 532 297 532 neuron 0
291 479 316 479 316 509 291 509 neuron 0
323 472 349 472 349 509 323 509 neuron 0
341 467 362 467 362 500 341 500 neuron 0
331 447 352 447 352 481 331 481 neuron 0
350 444 378 444 378 479 350 479 neuron 0
373 420 397 420 397 459 373 459 neuron 0
357 408 379 408 379 445 357 445 neuron 0
371 400 394 400 394 431 371 431 neuron 0
279 457 300 457 300 496 279 496 neuron 0
295 408 321 408 321 445 295 445 neuron 0
214 471 241 471 241 513 214 513 neuron 0
225 407 250 407 250 448 225 448 neuron 0
194 399 221 399 221 441 194 441 neuron 0
250 383 277 383 277 415 250 415 neuron 0
422 367 444 367 444 401 422 401 neuron 0
405 369 431 369 431 403 405 403 neuron 0
410 342 438 342 438 378 410 378 neuron 0
434 335 457 335 457 369 434 369 neuron 0
434 309 460 309 460 344 434 344 neuron 0
389 333 412 333 412 367 389 367 neuron 0
390 315 414 315 414 344 390 344 neuron 0
388 289 414 289 414 324 388 324 neuron 0
111 544 140 544 140 588 111 588 neuron 0
128 507 152 507 152 544 128 544 neuron 0
125 485 149 485 149 516 125 516 neuron 0
90 479 120 479 120 512 90 512 neuron 0
111 487 132 487 132 520 111 520 neuron 0
112 456 135 456 135 488 112 488 neuron 0
37 447 65 447 65 485 37 485 neuron 0
23 435 46 435 46 468 23 468 neuron 0
4 434 28 434 28 470 4 470 neuron 0
275 281 300 281 300 327 275 327 neuron 0
283 199 312 199 312 243 283 243 neuron 0
401 201 422 201 422 243 401 243 neuron 0
331 133 358 133 358 176 331 176 neuron 0
317 127 338 127 338 168 317 168 neuron 0
192 236 217 236 217 271 192 271 neuron 0
202 212 225 212 225 248 202 248 neuron 0
180 207 207 207 207 243 180 243 neuron 0
166 207 189 207 189 243 166 243 neuron 0
145 210 173 210 173 242 145 242 neuron 0
24 219 50 219 50 259 24 259 neuron 0
43 214 68 214 68 254 43 254 neuron 0
56 194 83 194 83 230 56 230 neuron 0
59 161 86 161 86 199 59 199 neuron 0
74 119 98 119 98 159 74 159 neuron 0
131 63 160 63 160 96 131 96 neuron 0
612 229 638 229 638 267 612 267 neuron 0
555 225 580 225 580 264 555 264 neuron 0
491 240 516 240 516 280 491 280 neuron 0
484 224 507 224 507 257 484 257 neuron 0
541 95 567 95 567 133 541 133 neuron 0
575 71 601 71 601 107 575 107 neuron 0
545 67 572 67 572 101 545 101 neuron 0
553 40 581 40 581 75 553 75 neuron 0
540 21 564 21 564 60 540 60 neuron 0
492 3 517 3 517 37 492 37 neuron 0
260 61 288 61 288 99 260 99 neuron 0