266 159 295 159 295 205 266 205 neuron 0
317 65 343 65 343 99 317 99 neuron 0
312 41 337 41 337 76 312 76 neuron 0
347 19 370 19 370 56 347 56 neuron 0
397 144 424 144 424 183 397 183 neuron 0
192 201 228 201 228 244 192 244 neuron 0
209 149 237 149 237 188 209 188 neuron 0
224 191 245 191 245 221 224 221 neuron 0
374 224 399 224 399 256 374 256 neuron 0
372 199 398 199 398 233 372 233 neuron 0
480 174 505 174 505 214 480 214 neuron 0
451 253 478 253 478 295 451 295 neuron 0
346 281 377 281 377 320 346 320 neuron 0
472 572 500 572 500 611 472 611 neuron 0
410 602 432 602 432 634 410 634 neuron 0
385 592 407 592 407 635 385 635 neuron 0
388 560 412 560 412 600 388 600 neuron 0
368 564 395 564 395 605 368 605 neuron 0
352 560 377 560 377 596 352 596 neuron 0
287 601 310 601 310 635 287 635 neuron 0
299 567 327 567 327 605 299 605 neuron 0
331 564 354 564 354 600 331 600 neuron 0
326 533 353 533 353 571 326 571 neuron 0
227 554 255 554 255 594 227 594 neuron 0
148 604 179 604 179 640 148 640 neuron 0
310 524 333 524 333 556 310 556 neuron 0
241 507 266 507 266 541 241 541 neuron 0
188 557 213 557 213 596 188 596 neuron 0
184 511 208 511 208 544 184 544 neuron 0
219 471 248 471 248 508 219 508 neuron 0
266 487 293 487 293 523 266 523 neuron 0
500 527 523 527 523 559 500 559 neuron 0
476 495 503 495 503 525 476 525 neuron 0
466 464 491 464 491 504 466 504 neuron 0
470 436 496 436 496 473 470 473 neuron 0
310 495 336 495 336 528 310 528 neuron 0
335 477 361 477 361 515 335 515 neuron 0
353 457 377 457 377 503 353 503 neuron 0
405 466 428 466 428 502 405 502 neuron 0
388 433 415 433 415 471 388 471 neuron 0
394 404 418 404 418 443 394 443 neuron 0
483 397 510 397 510 431 483 431 neuron 0
407 357 433 357 433 396 407 396 neuron 0
457 387 483 387 483 427 457 427 neuron 0
383 331 413 331 413 368 383 368 neuron 0
403 314 428 314 428 354 403 354 neuron 0
526 264 552 264 552 299 526 299 neuron 0
516 234 544 234 544 274 516 274 neuron 0
526 144 554 144 554 184 526 184 neuron 0
328 440 353 440 353 473 328 473 neuron 0
345 395 377 395 377 439 345 439 neuron 0
298 459 322 459 322 504 298 504 neuron 0
278 464 304 464 304 500 278 500 neuron 0
263 455 287 455 287 496 263 496 neuron 0
234 448 259 448 259 483 234 483 neuron 0
223 428 249 428 249 464 223 464 neuron 0
284 429 314 429 314 471 284 471 neuron 0
313 351 339 351 339 393 313 393 neuron 0
208 372 238 372 238 411 208 411 neuron 0
257 332 286 332 286 373 257 373 neuron 0
290 286 312 286 312 322 290 322 neuron 0
266 275 298 275 298 313 266 313 neuron 0
240 299 264 299 264 336 240 336 neuron 0
180 315 210 315 210 356 180 356 neuron 0
193 288 219 288 219 327 193 327 neuron 0
131 281 156 281 156 319 131 319 neuron 0
132 183 161 183 161 223 132 223 neuron 0
136 155 162 155 162 193 136 193 neuron 0
528 39 553 39 553 80 528 80 neuron 0
507 43 532 43 532 79 507 79 neuron 0
502 19 532 19 532 55 502 55 neuron 0
158 13 192 13 192 64 158 64 neuron 0
131 16 160 16 160 51 131 51 neuron 0
120 512 151 512 151 553 120 553 neuron 0
538 335 565 335 565 377 538 377 neuron 0
603 374 630 374 630 414 603 414 neuron 0
606 243 630 243 630 280 606 280 neuron 0
544 233 577 233 577 271 544 271 neuron 0
621 176 640 176 640 212 621 212 neuron 0
569 208 597 208 597 247 569 247 neuron 0
567 175 592 175 592 213 567 213 neuron 0
568 37 596 37 596 76 568 76 neuron 0
563 1 588 1 588 43 563 43 neuron 0
85 579 110 579 110 623 85 623 neuron 0
71 587 92 587 92 621 71 621 neuron 0
67 555 88 555 88 587 67 587 neuron 0
38 563 62 563 62 597 38 597 neuron 0
1 550 28 550 28 590 1 590 neuron 0
129 472 156 472 156 520 129 520 neuron 0
131 445 154 445 154 480 131 480 neuron 0
67 459 92 459 92 493 67 493 neuron 0
49 445 69 445 69 476 49 476 neuron 0
38 417 66 417 66 456 38 456 neuron 0
14 405 41 405 41 444 14 444 neuron 0
42 383 71 383 71 421 42 421 neuron 0
50 348 77 348 77 385 50 385 neuron 0
83 322 114 322 114 358 83 358 neuron 0
22 235 46 235 46 272 22 272 neuron 0
2 234 30 234 30 274 2 274 neuron 0
31 193 55 193 55 231 31 231 neuron 0
101 168 126 168 126 204 101 204 neuron 0
115 128 137 128 137 164 115 164 neuron 0
53 119 82 119 82 161 53 161 neuron 0
14 135 42 135 42 172 14 172 neuron 0
262 213 287 213 287 248 262 248 neuron 0
13 102 41 102 41 142 13 142 neuron 0
107 78 133 78 133 118 107 118 neuron 0
95 107 117 107 117 139 95 139 neuron 0
76 77 98 77 98 119 76 119 neuron 0
90 75 113 75 113 111 90 111 neuron 0
93 49 113 49 113 79 93 79 neuron 0
41 26 70 26 70 66 41 66 neuron 0
63 3 91 3 91 48 63 48 neuron 0
113 375 134 375 134 409 113 409 neuron 0
57 317 78 317 78 352 57 352 neuron 0
24 377 47 377 47 412 24 412 neuron 0
4 383 29 383 29 419 4 419 neuron 0
525 440 547 440 547 469 525 469 neuron 0
530 421 554 421 554 452 530 452 neuron 0