0 539 17 539 17 575 0 575 neuron 0
0 488 19 488 19 520 0 520 neuron 0
10 454 36 454 36 483 10 483 neuron 0
25 450 46 450 46 481 25 481 neuron 0
24 341 49 341 49 371 24 371 neuron 0
331 481 352 481 352 511 331 511 neuron 0
358 473 382 473 382 504 358 504 neuron 0
354 460 378 460 378 488 354 488 neuron 0
374 477 400 477 400 512 374 512 neuron 0
396 500 422 500 422 536 396 536 neuron 0
347 484 372 484 372 513 347 513 neuron 0
429 363 453 363 453 394 429 394 neuron 0
453 321 474 321 474 353 453 353 neuron 0
454 262 474 262 474 292 454 292 neuron 0
438 228 462 228 462 258 438 258 neuron 0
451 241 472 241 472 272 451 272 neuron 0
493 491 514 491 514 521 493 521 neuron 0
511 457 533 457 533 486 511 486 neuron 0
528 456 549 456 549 487 528 487 neuron 0
529 436 550 436 550 464 529 464 neuron 0
530 417 557 417 557 446 530 446 neuron 0
549 248 573 248 573 279 549 279 neuron 0
490 234 524 234 524 270 490 270 neuron 0
514 221 535 221 535 258 514 258 neuron 0
518 239 541 239 541 269 518 269 neuron 0
534 224 558 224 558 254 534 254 neuron 0
545 213 571 213 571 244 545 244 neuron 0
507 193 529 193 529 227 507 227 neuron 0
486 216 509 216 509 246 486 246 neuron 0
523 119 544 119 544 153 523 153 neuron 0
421 113 442 113 442 145 421 145 neuron 0
380 5 403 5 403 34 380 34 neuron 0
369 0 392 0 392 23 369 23 neuron 0
217 24 239 24 239 56 217 56 neuron 0
169 50 198 50 198 81 169 81 neuron 0
0 41 21 41 21 71 0 71 neuron 0
10 50 31 50 31 83 10 83 neuron 0
12 34 32 34 32 59 12 59 neuron 0