20 462 40 462 40 489 20 489 neuron 0
17 481 41 481 41 509 17 509 neuron 0
12 415 33 415 33 447 12 447 neuron 0
25 410 46 410 46 443 25 443 neuron 0
34 364 55 364 55 395 34 395 neuron 0
25 325 47 325 47 354 25 354 neuron 0
54 307 74 307 74 337 54 337 neuron 0
16 328 39 328 39 360 16 360 neuron 0
11 291 32 291 32 319 11 319 neuron 0
5 269 29 269 29 301 5 301 neuron 0
22 251 51 251 51 279 22 279 neuron 0
47 229 71 229 71 260 47 260 neuron 0
36 219 64 219 64 242 36 242 neuron 0
1 188 25 188 25 221 1 221 neuron 0
84 219 110 219 110 251 84 251 neuron 0
14 364 38 364 38 395 14 395 neuron 0
67 470 91 470 91 500 67 500 neuron 0
110 583 134 583 134 614 110 614 neuron 0
110 605 133 605 133 637 110 637 neuron 0
122 480 147 480 147 508 122 508 neuron 0
159 482 184 482 184 516 159 516 neuron 0
184 480 208 480 208 511 184 511 neuron 0
182 459 205 459 205 489 182 489 neuron 0
193 519 214 519 214 552 193 552 neuron 0
203 532 227 532 227 560 203 560 neuron 0
219 586 245 586 245 622 219 622 neuron 0
245 569 266 569 266 603 245 603 neuron 0
248 475 271 475 271 506 248 506 neuron 0
227 412 248 412 248 447 227 447 neuron 0
206 512 230 512 230 540 206 540 neuron 0
291 494 315 494 315 524 291 524 neuron 0
311 582 335 582 335 610 311 610 neuron 0
327 612 348 612 348 640 327 640 neuron 0
270 336 292 336 292 367 270 367 neuron 0
283 346 307 346 307 375 283 375 neuron 0
291 363 312 363 312 394 291 394 neuron 0
343 389 368 389 368 419 343 419 neuron 0
463 444 486 444 486 476 463 476 neuron 0
446 418 469 418 469 451 446 451 neuron 0
429 380 455 380 455 410 429 410 neuron 0
398 341 422 341 422 371 398 371 neuron 0
417 355 440 355 440 385 417 385 neuron 0
345 544 374 544 374 576 345 576 neuron 0
405 505 428 505 428 536 405 536 neuron 0
458 474 483 474 483 503 458 503 neuron 0
520 475 545 475 545 504 520 504 neuron 0
543 453 565 453 565 487 543 487 neuron 0
548 430 571 430 571 459 548 459 neuron 0
554 474 578 474 578 508 554 508 neuron 0
449 267 477 267 477 302 449 302 neuron 0
524 325 548 325 548 357 524 357 neuron 0
515 307 538 307 538 335 515 335 neuron 0
513 288 542 288 542 319 513 319 neuron 0
545 235 567 235 567 264 545 264 neuron 0
567 202 590 202 590 232 567 232 neuron 0
578 211 602 211 602 242 578 242 neuron 0
517 225 545 225 545 255 517 255 neuron 0
476 181 502 181 502 208 476 208 neuron 0
495 180 516 180 516 210 495 210 neuron 0
499 197 523 197 523 228 499 228 neuron 0
435 236 459 236 459 265 435 265 neuron 0
593 162 619 162 619 189 593 189 neuron 0
611 90 637 90 637 120 611 120 neuron 0
543 94 566 94 566 126 543 126 neuron 0
416 66 448 66 448 107 416 107 neuron 0
427 29 451 29 451 62 427 62 neuron 0
458 6 479 6 479 36 458 36 neuron 0
471 11 491 11 491 46 471 46 neuron 0
496 19 517 19 517 53 496 53 neuron 0
505 37 531 37 531 67 505 67 neuron 0
521 48 539 48 539 83 521 83 neuron 0
471 50 492 50 492 82 471 82 neuron 0
543 78 568 78 568 103 543 103 neuron 0
327 125 351 125 351 159 327 159 neuron 0
319 112 343 112 343 146 319 146 neuron 0
235 109 257 109 257 140 235 140 neuron 0
267 108 289 108 289 138 267 138 neuron 0
272 129 292 129 292 158 272 158 neuron 0
240 134 263 134 263 164 240 164 neuron 0
235 15 257 15 257 47 235 47 neuron 0
37 67 56 67 56 99 37 99 neuron 0
45 49 65 49 65 75 45 75 neuron 0
49 69 70 69 70 98 49 98 neuron 0
11 140 34 140 34 172 11 172 neuron 0
71 178 96 178 96 208 71 208 neuron 0