7 487 28 487 28 516 7 516 neuron 0
89 591 110 591 110 617 89 617 neuron 0
93 576 115 576 115 604 93 604 neuron 0
101 551 122 551 122 581 101 581 neuron 0
112 531 134 531 134 560 112 560 neuron 0
53 460 74 460 74 488 53 488 neuron 0
60 475 79 475 79 503 60 503 neuron 0
16 391 36 391 36 420 16 420 neuron 0
5 373 29 373 29 404 5 404 neuron 0
59 279 83 279 83 307 59 307 neuron 0
109 310 130 310 130 337 109 337 neuron 0
174 301 195 301 195 327 174 327 neuron 0
172 318 190 318 190 348 172 348 neuron 0
158 341 178 341 178 371 158 371 neuron 0
181 327 201 327 201 357 181 357 neuron 0
178 344 197 344 197 374 178 374 neuron 0
226 285 253 285 253 315 226 315 neuron 0
243 275 266 275 266 305 243 305 neuron 0
188 461 209 461 209 488 188 488 neuron 0
205 409 224 409 224 437 205 437 neuron 0
230 476 249 476 249 505 230 505 neuron 0
251 447 272 447 272 473 251 473 neuron 0
198 488 217 488 217 513 198 513 neuron 0
205 500 227 500 227 528 205 528 neuron 0
224 509 245 509 245 533 224 533 neuron 0
209 517 230 517 230 540 209 540 neuron 0
218 543 239 543 239 574 218 574 neuron 0
298 309 319 309 319 338 298 338 neuron 0
343 411 369 411 369 442 343 442 neuron 0
383 507 407 507 407 532 383 532 neuron 0
503 146 527 146 527 177 503 177 neuron 0
471 98 494 98 494 128 471 128 neuron 0
480 61 504 61 504 96 480 96 neuron 0
556 54 577 54 577 83 556 83 neuron 0
598 46 617 46 617 71 598 71 neuron 0
607 4 628 4 628 33 607 33 neuron 0
408 19 430 19 430 47 408 47 neuron 0
333 48 353 48 353 79 333 79 neuron 0
347 42 368 42 368 68 347 68 neuron 0
359 36 377 36 377 62 359 62 neuron 0
370 39 391 39 391 65 370 65 neuron 0
359 54 381 54 381 83 359 83 neuron 0
340 69 363 69 363 97 340 97 neuron 0
8 140 32 140 32 169 8 169 neuron 0
149 173 170 173 170 200 149 200 neuron 0
135 172 157 172 157 202 135 202 neuron 0
229 90 253 90 253 119 229 119 neuron 0
246 83 267 83 267 111 246 111 neuron 0
127 160 148 160 148 189 127 189 neuron 0