9 393 32 393 32 425 9 425 neuron 0
34 324 57 324 57 355 34 355 neuron 0
88 355 109 355 109 387 88 387 neuron 0
71 391 91 391 91 419 71 419 neuron 0
69 539 90 539 90 569 69 569 neuron 0
57 572 77 572 77 602 57 602 neuron 0
57 612 78 612 78 640 57 640 neuron 0
70 608 89 608 89 639 70 639 neuron 0
163 536 181 536 181 564 163 564 neuron 0
174 529 195 529 195 553 174 553 neuron 0
176 546 195 546 195 572 176 572 neuron 0
188 550 207 550 207 577 188 577 neuron 0
179 564 203 564 203 594 179 594 neuron 0
165 554 186 554 186 585 165 585 neuron 0
199 586 220 586 220 617 199 617 neuron 0
194 607 218 607 218 636 194 636 neuron 0
220 607 245 607 245 639 220 639 neuron 0
246 500 267 500 267 530 246 530 neuron 0
15 207 34 207 34 239 15 239 neuron 0
47 250 70 250 70 278 47 278 neuron 0
47 268 70 268 70 297 47 297 neuron 0
229 338 250 338 250 370 229 370 neuron 0
472 417 495 417 495 448 472 448 neuron 0
530 426 549 426 549 457 530 457 neuron 0
515 423 537 423 537 451 515 451 neuron 0
515 358 537 358 537 390 515 390 neuron 0
591 394 614 394 614 428 591 428 neuron 0
552 430 573 430 573 460 552 460 neuron 0
583 459 609 459 609 490 583 490 neuron 0
612 473 634 473 634 501 612 501 neuron 0
611 515 632 515 632 541 611 541 neuron 0
547 494 571 494 571 528 547 528 neuron 0
528 560 548 560 548 590 528 590 neuron 0
518 578 539 578 539 603 518 603 neuron 0
522 593 544 593 544 621 522 621 neuron 0
516 611 539 611 539 639 516 639 neuron 0
493 239 516 239 516 268 493 268 neuron 0
510 234 531 234 531 264 510 264 neuron 0
573 345 595 345 595 377 573 377 neuron 0
573 368 593 368 593 396 573 396 neuron 0
581 329 599 329 599 355 581 355 neuron 0
584 363 606 363 606 394 584 394 neuron 0
568 289 592 289 592 319 568 319 neuron 0
518 88 539 88 539 113 518 113 neuron 0
525 72 547 72 547 99 525 99 neuron 0
540 45 562 45 562 76 540 76 neuron 0
529 39 548 39 548 67 529 67 neuron 0
507 89 526 89 526 118 507 118 neuron 0
510 0 532 0 532 26 510 26 neuron 0
562 195 584 195 584 226 562 226 neuron 0
380 125 402 125 402 155 380 155 neuron 0
406 209 428 209 428 242 406 242 neuron 0
383 261 406 261 406 290 383 290 neuron 0
361 249 382 249 382 285 361 285 neuron 0
340 185 362 185 362 215 340 215 neuron 0
339 234 363 234 363 264 339 264 neuron 0
324 181 348 181 348 210 324 210 neuron 0
312 179 333 179 333 204 312 204 neuron 0
262 117 284 117 284 146 262 146 neuron 0
260 95 282 95 282 124 260 124 neuron 0
238 52 264 52 264 87 238 87 neuron 0
242 34 266 34 266 64 242 64 neuron 0
220 0 242 0 242 31 220 31 neuron 0
22 167 44 167 44 208 22 208 neuron 0
50 173 72 173 72 209 50 209 neuron 0
59 118 84 118 84 150 59 150 neuron 0
18 112 39 112 39 141 18 141 neuron 0
17 91 38 91 38 120 17 120 neuron 0
4 70 28 70 28 104 4 104 neuron 0
34 45 58 45 58 75 34 75 neuron 0
160 149 183 149 183 180 160 180 neuron 0
122 48 145 48 145 77 122 77 neuron 0
147 46 170 46 170 76 147 76 neuron 0
148 92 171 92 171 127 148 127 neuron 0
200 89 220 89 220 120 200 120 neuron 0
212 101 236 101 236 130 212 130 neuron 0
227 112 252 112 252 146 227 146 neuron 0
501 419 523 419 523 445 501 445 neuron 0
368 224 391 224 391 260 368 260 neuron 0
381 237 405 237 405 263 381 263 neuron 0