45 419 69 419 69 451 45 451 neuron 0
67 451 91 451 91 481 67 481 neuron 0
94 480 116 480 116 514 94 514 neuron 0
133 500 157 500 157 534 133 534 neuron 0
107 391 131 391 131 421 107 421 neuron 0
128 363 151 363 151 399 128 399 neuron 0
50 611 73 611 73 640 50 640 neuron 0
65 605 84 605 84 631 65 631 neuron 0
75 592 96 592 96 620 75 620 neuron 0
95 573 117 573 117 599 95 599 neuron 0
110 573 133 573 133 607 110 607 neuron 0
137 580 160 580 160 610 137 610 neuron 0
153 584 176 584 176 614 153 614 neuron 0
168 581 187 581 187 607 168 607 neuron 0
183 577 204 577 204 605 183 605 neuron 0
186 563 206 563 206 585 186 585 neuron 0
197 552 221 552 221 577 197 577 neuron 0
198 568 219 568 219 598 198 598 neuron 0
178 468 200 468 200 499 178 499 neuron 0
166 460 190 460 190 486 166 486 neuron 0
215 460 239 460 239 489 215 489 neuron 0
232 455 255 455 255 484 232 484 neuron 0
247 450 268 450 268 479 247 479 neuron 0
262 450 284 450 284 479 262 479 neuron 0
243 300 265 300 265 332 243 332 neuron 0
184 205 206 205 206 234 184 234 neuron 0
194 209 219 209 219 241 194 241 neuron 0
274 611 299 611 299 640 274 640 neuron 0
313 589 338 589 338 621 313 621 neuron 0
323 571 345 571 345 602 323 602 neuron 0
279 452 301 452 301 480 279 480 neuron 0
281 411 302 411 302 443 281 443 neuron 0
291 489 312 489 312 520 291 520 neuron 0
305 402 325 402 325 426 305 426 neuron 0
293 400 312 400 312 426 293 426 neuron 0
320 399 345 399 345 425 320 425 neuron 0
315 411 337 411 337 438 315 438 neuron 0
339 426 360 426 360 455 339 455 neuron 0
351 435 369 435 369 465 351 465 neuron 0
323 500 345 500 345 526 323 526 neuron 0
343 490 364 490 364 516 343 516 neuron 0
336 459 357 459 357 488 336 488 neuron 0
437 613 465 613 465 640 437 640 neuron 0
572 551 596 551 596 583 572 583 neuron 0
511 407 533 407 533 440 511 440 neuron 0
523 387 548 387 548 422 523 422 neuron 0
473 383 494 383 494 411 473 411 neuron 0
458 384 480 384 480 415 458 415 neuron 0
452 369 476 369 476 397 452 397 neuron 0
487 338 511 338 511 370 487 370 neuron 0
496 324 518 324 518 356 496 356 neuron 0
518 313 540 313 540 350 518 350 neuron 0
596 333 619 333 619 367 596 367 neuron 0
612 331 636 331 636 361 612 361 neuron 0
605 185 628 185 628 216 605 216 neuron 0
195 125 217 125 217 157 195 157 neuron 0
186 132 207 132 207 161 186 161 neuron 0
161 30 184 30 184 62 161 62 neuron 0
156 50 179 50 179 79 156 79 neuron 0
149 29 170 29 170 61 149 61 neuron 0
126 61 149 61 149 92 126 92 neuron 0
124 84 149 84 149 113 124 113 neuron 0
108 62 132 62 132 91 108 91 neuron 0
93 86 115 86 115 116 93 116 neuron 0
108 83 130 83 130 114 108 114 neuron 0
569 142 594 142 594 172 569 172 neuron 0
566 161 589 161 589 190 566 190 neuron 0