14 600 38 600 38 633 14 633 neuron 0
10 384 34 384 34 415 10 415 neuron 0
32 373 56 373 56 404 32 404 neuron 0
91 331 112 331 112 360 91 360 neuron 0
81 339 102 339 102 373 81 373 neuron 0
97 342 120 342 120 379 97 379 neuron 0
54 229 76 229 76 260 54 260 neuron 0
74 243 94 243 94 275 74 275 neuron 0
155 260 182 260 182 293 155 293 neuron 0
223 221 252 221 252 253 223 253 neuron 0
293 258 319 258 319 287 293 287 neuron 0
301 275 325 275 325 304 301 304 neuron 0
304 277 313 277 313 289 304 289 neuron 0
216 542 238 542 238 569 216 569 neuron 0
139 416 162 416 162 445 139 445 neuron 0
139 435 160 435 160 463 139 463 neuron 0
146 464 167 464 167 493 146 493 neuron 0
145 482 167 482 167 508 145 508 neuron 0
121 472 142 472 142 499 121 499 neuron 0
199 429 220 429 220 459 199 459 neuron 0
209 418 231 418 231 448 209 448 neuron 0
188 441 208 441 208 470 188 470 neuron 0
239 417 263 417 263 442 239 442 neuron 0
241 400 263 400 263 426 241 426 neuron 0
439 412 468 412 468 447 439 447 neuron 0
359 348 383 348 383 378 359 378 neuron 0
367 322 393 322 393 352 367 352 neuron 0
383 314 406 314 406 344 383 344 neuron 0
399 561 424 561 424 597 399 597 neuron 0
423 574 449 574 449 605 423 605 neuron 0
410 596 432 596 432 627 410 627 neuron 0
526 536 549 536 549 568 526 568 neuron 0
526 491 548 491 548 527 526 527 neuron 0
560 492 583 492 583 520 560 520 neuron 0
573 510 597 510 597 541 573 541 neuron 0
579 533 599 533 599 568 579 568 neuron 0
567 558 593 558 593 590 567 590 neuron 0
531 410 553 410 553 447 531 447 neuron 0
530 361 550 361 550 393 530 393 neuron 0
506 323 530 323 530 354 506 354 neuron 0
431 291 450 291 450 325 431 325 neuron 0
441 285 463 285 463 319 441 319 neuron 0
435 258 454 258 454 289 435 289 neuron 0
450 244 469 244 469 280 450 280 neuron 0
451 211 473 211 473 242 451 242 neuron 0
461 247 478 247 478 277 461 277 neuron 0
428 168 453 168 453 201 428 201 neuron 0
553 195 574 195 574 225 553 225 neuron 0
573 213 593 213 593 240 573 240 neuron 0
562 266 583 266 583 296 562 296 neuron 0
588 245 609 245 609 276 588 276 neuron 0
578 271 602 271 602 302 578 302 neuron 0
574 288 596 288 596 314 574 314 neuron 0
557 299 578 299 578 335 557 335 neuron 0
543 82 567 82 567 110 543 110 neuron 0
411 121 433 121 433 153 411 153 neuron 0
541 44 560 44 560 74 541 74 neuron 0
590 56 613 56 613 88 590 88 neuron 0
610 25 632 25 632 56 610 56 neuron 0
605 50 625 50 625 81 605 81 neuron 0
277 155 301 155 301 187 277 187 neuron 0
298 54 324 54 324 90 298 90 neuron 0
168 106 189 106 189 136 168 136 neuron 0
148 66 171 66 171 97 148 97 neuron 0
135 71 162 71 162 106 135 106 neuron 0
126 45 146 45 146 77 126 77 neuron 0
139 0 161 0 161 32 139 32 neuron 0
95 29 119 29 119 59 95 59 neuron 0
3 143 30 143 30 175 3 175 neuron 0
13 21 37 21 37 53 13 53 neuron 0
55 8 79 8 79 37 55 37 neuron 0
73 1 95 1 95 29 73 29 neuron 0