13 481 36 481 36 511 13 511 neuron 0
11 500 37 500 37 528 11 528 neuron 0
70 548 95 548 95 578 70 578 neuron 0
71 566 92 566 92 592 71 592 neuron 0
72 504 93 504 93 535 72 535 neuron 0
86 497 109 497 109 526 86 526 neuron 0
0 401 23 401 23 432 0 432 neuron 0
147 549 172 549 172 578 147 578 neuron 0
144 517 166 517 166 546 144 546 neuron 0
145 534 169 534 169 559 145 559 neuron 0
137 506 157 506 157 534 137 534 neuron 0
158 516 181 516 181 540 158 540 neuron 0
176 521 197 521 197 548 176 548 neuron 0
220 526 240 526 240 554 220 554 neuron 0
272 377 294 377 294 413 272 413 neuron 0
50 285 74 285 74 314 50 314 neuron 0
67 287 91 287 91 318 67 318 neuron 0
237 273 261 273 261 308 237 308 neuron 0
281 537 305 537 305 568 281 568 neuron 0
274 551 295 551 295 579 274 579 neuron 0
269 525 293 525 293 553 269 553 neuron 0
233 215 252 215 252 244 233 244 neuron 0
400 578 423 578 423 606 400 606 neuron 0
392 589 413 589 413 619 392 619 neuron 0
420 601 440 601 440 629 420 629 neuron 0
408 608 428 608 428 636 408 636 neuron 0
394 284 418 284 418 315 394 315 neuron 0
439 293 463 293 463 324 439 324 neuron 0
431 322 452 322 452 351 431 351 neuron 0
362 109 388 109 388 142 362 142 neuron 0
426 169 448 169 448 209 426 209 neuron 0
443 129 464 129 464 160 443 160 neuron 0
317 8 340 8 340 38 317 38 neuron 0
448 16 472 16 472 45 448 45 neuron 0
497 0 521 0 521 30 497 30 neuron 0
472 8 496 8 496 39 472 39 neuron 0
111 125 137 125 137 157 111 157 neuron 0
147 4 170 4 170 34 147 34 neuron 0
181 13 207 13 207 40 181 40 neuron 0
176 26 204 26 204 56 176 56 neuron 0
189 158 210 158 210 187 189 187 neuron 0
273 133 299 133 299 164 273 164 neuron 0
252 214 273 214 273 244 252 244 neuron 0
258 197 278 197 278 225 258 225 neuron 0
259 179 281 179 281 207 259 207 neuron 0
212 167 235 167 235 197 212 197 neuron 0
206 103 228 103 228 131 206 131 neuron 0
237 28 255 28 255 57 237 57 neuron 0
214 49 238 49 238 77 214 77 neuron 0
0 216 19 216 19 246 0 246 neuron 0
64 21 86 21 86 52 64 52 neuron 0
46 47 77 47 77 91 46 91 neuron 0