109 266 133 266 133 300 109 300 neuron 0
198 258 220 258 220 289 198 289 neuron 0
24 331 45 331 45 358 24 358 neuron 0
39 331 60 331 60 356 39 356 neuron 0
46 342 67 342 67 372 46 372 neuron 0
78 338 99 338 99 369 78 369 neuron 0
53 380 77 380 77 409 53 409 neuron 0
6 362 29 362 29 398 6 398 neuron 0
55 409 79 409 79 441 55 441 neuron 0
78 446 100 446 100 480 78 480 neuron 0
84 475 107 475 107 509 84 509 neuron 0
51 537 72 537 72 567 51 567 neuron 0
71 575 92 575 92 605 71 605 neuron 0
219 577 243 577 243 608 219 608 neuron 0
319 597 340 597 340 628 319 628 neuron 0
334 586 358 586 358 614 334 614 neuron 0
235 332 258 332 258 367 235 367 neuron 0
294 413 318 413 318 445 294 445 neuron 0
206 213 228 213 228 241 206 241 neuron 0
219 216 239 216 239 241 219 241 neuron 0
195 208 214 208 214 239 195 239 neuron 0
398 527 422 527 422 555 398 555 neuron 0
407 449 431 449 431 478 407 478 neuron 0
419 437 444 437 444 466 419 466 neuron 0
446 445 471 445 471 475 446 475 neuron 0
413 529 434 529 434 558 413 558 neuron 0
489 454 516 454 516 484 489 484 neuron 0
542 470 563 470 563 496 542 496 neuron 0
582 464 603 464 603 496 582 496 neuron 0
575 476 599 476 599 507 575 507 neuron 0
563 573 585 573 585 600 563 600 neuron 0
556 589 573 589 573 617 556 617 neuron 0
568 591 588 591 588 622 568 622 neuron 0
579 604 601 604 601 629 579 629 neuron 0
606 601 629 601 629 630 606 630 neuron 0
592 596 614 596 614 625 592 625 neuron 0
567 224 590 224 590 259 567 259 neuron 0
379 84 403 84 403 116 379 116 neuron 0
347 17 371 17 371 51 347 51 neuron 0
408 0 431 0 431 29 408 29 neuron 0
407 21 431 21 431 49 407 49 neuron 0
434 0 459 0 459 23 434 23 neuron 0
512 0 535 0 535 28 512 28 neuron 0
527 91 545 91 545 123 527 123 neuron 0
542 11 563 11 563 39 542 39 neuron 0
603 0 624 0 624 33 603 33 neuron 0
577 22 601 22 601 51 577 51 neuron 0
561 20 583 20 583 53 561 53 neuron 0
301 87 323 87 323 116 301 116 neuron 0
281 94 305 94 305 126 281 126 neuron 0
181 110 202 110 202 139 181 139 neuron 0
167 110 188 110 188 139 167 139 neuron 0
177 130 199 130 199 156 177 156 neuron 0
186 139 212 139 212 169 186 169 neuron 0
0 76 25 76 25 102 0 102 neuron 0
26 139 46 139 46 170 26 170 neuron 0
62 77 84 77 84 107 62 107 neuron 0
93 78 115 78 115 108 93 108 neuron 0
114 96 137 96 137 126 114 126 neuron 0