85 551 109 551 109 585 85 585 neuron 0
90 597 113 597 113 630 90 630 neuron 0
166 500 191 500 191 533 166 533 neuron 0
139 494 164 494 164 523 139 523 neuron 0
120 490 147 490 147 524 120 524 neuron 0
217 566 240 566 240 597 217 597 neuron 0
93 375 116 375 116 407 93 407 neuron 0
68 325 93 325 93 357 68 357 neuron 0
202 330 223 330 223 363 202 363 neuron 0
194 370 215 370 215 398 194 398 neuron 0
202 373 226 373 226 408 202 408 neuron 0
188 399 210 399 210 427 188 427 neuron 0
182 412 203 412 203 440 182 440 neuron 0
229 301 251 301 251 329 229 329 neuron 0
293 363 315 363 315 397 293 397 neuron 0
86 498 107 498 107 526 86 526 neuron 0
74 491 94 491 94 518 74 518 neuron 0
72 508 93 508 93 540 72 540 neuron 0
85 515 107 515 107 543 85 543 neuron 0
396 553 417 553 417 584 396 584 neuron 0
392 573 413 573 413 600 392 600 neuron 0
389 487 412 487 412 518 389 518 neuron 0
392 505 413 505 413 536 392 536 neuron 0
404 459 428 459 428 494 404 494 neuron 0
389 455 410 455 410 486 389 486 neuron 0
387 433 408 433 408 461 387 461 neuron 0
374 424 395 424 395 453 374 453 neuron 0
362 410 388 410 388 438 362 438 neuron 0
352 320 378 320 378 353 352 353 neuron 0
368 231 392 231 392 258 368 258 neuron 0
415 288 435 288 435 320 415 320 neuron 0
466 307 488 307 488 338 466 338 neuron 0
465 397 487 397 487 427 465 427 neuron 0
533 577 557 577 557 607 533 607 neuron 0
568 608 588 608 588 639 568 639 neuron 0
599 426 623 426 623 456 599 456 neuron 0
590 415 612 415 612 446 590 446 neuron 0
587 388 611 388 611 417 587 417 neuron 0
588 366 610 366 610 397 588 397 neuron 0
584 347 604 347 604 377 584 377 neuron 0
460 357 481 357 481 387 460 387 neuron 0
458 319 480 319 480 348 458 348 neuron 0
463 337 484 337 484 366 463 366 neuron 0
515 334 537 334 537 369 515 369 neuron 0
534 271 559 271 559 300 534 300 neuron 0
501 255 526 255 526 285 501 285 neuron 0
481 256 504 256 504 287 481 287 neuron 0
414 223 434 223 434 254 414 254 neuron 0
397 239 421 239 421 270 397 270 neuron 0
412 253 436 253 436 285 412 285 neuron 0
444 249 470 249 470 280 444 280 neuron 0
439 277 464 277 464 305 439 305 neuron 0
434 262 458 262 458 291 434 291 neuron 0
409 48 434 48 434 82 409 82 neuron 0
579 48 605 48 605 79 579 79 neuron 0
555 156 577 156 577 194 555 194 neuron 0
598 208 624 208 624 237 598 237 neuron 0
238 44 262 44 262 75 238 75 neuron 0
244 27 269 27 269 57 244 57 neuron 0
198 188 224 188 224 220 198 220 neuron 0
343 0 370 0 370 26 343 26 neuron 0
352 11 376 11 376 40 352 40 neuron 0
325 217 349 217 349 248 325 248 neuron 0
304 198 327 198 327 232 304 232 neuron 0
294 196 313 196 313 225 294 225 neuron 0
169 221 193 221 193 251 169 251 neuron 0
170 202 192 202 192 232 170 232 neuron 0
165 175 186 175 186 206 165 206 neuron 0
98 87 124 87 124 120 98 120 neuron 0
195 348 214 348 214 380 195 380 neuron 0
50 170 73 170 73 201 50 201 neuron 0
46 153 71 153 71 179 46 179 neuron 0
47 77 73 77 73 110 47 110 neuron 0
35 50 59 50 59 82 35 82 neuron 0
49 59 74 59 74 88 49 88 neuron 0
43 36 65 36 65 67 43 67 neuron 0
29 19 53 19 53 50 29 50 neuron 0
23 0 46 0 46 31 23 31 neuron 0
130 157 149 157 149 187 130 187 neuron 0