49 538 74 538 74 566 49 566 neuron 0
71 570 92 570 92 606 71 606 neuron 0
84 474 108 474 108 514 84 514 neuron 0
6 364 30 364 30 396 6 396 neuron 0
22 330 48 330 48 359 22 359 neuron 0
40 329 62 329 62 357 40 357 neuron 0
46 342 67 342 67 371 46 371 neuron 0
78 337 99 337 99 370 78 370 neuron 0
53 376 75 376 75 414 53 414 neuron 0
58 406 79 406 79 442 58 442 neuron 0
79 447 100 447 100 481 79 481 neuron 0
107 268 131 268 131 298 107 298 neuron 0
200 259 220 259 220 288 200 288 neuron 0
235 331 258 331 258 366 235 366 neuron 0
296 411 320 411 320 445 296 445 neuron 0
222 578 247 578 247 608 222 608 neuron 0
229 616 255 616 255 640 229 640 neuron 0
320 597 342 597 342 628 320 628 neuron 0
333 583 359 583 359 615 333 615 neuron 0
218 213 240 213 240 240 218 240 neuron 0
207 213 226 213 226 241 207 241 neuron 0
193 208 215 208 215 239 193 239 neuron 0
184 201 204 201 204 231 184 231 neuron 0
398 524 422 524 422 556 398 556 neuron 0
414 528 434 528 434 558 414 558 neuron 0
407 447 431 447 431 478 407 478 neuron 0
418 434 444 434 444 464 418 464 neuron 0
447 445 470 445 470 474 447 474 neuron 0
490 454 513 454 513 485 490 485 neuron 0
541 470 565 470 565 497 541 497 neuron 0
579 463 603 463 603 495 579 495 neuron 0
575 479 601 479 601 508 575 508 neuron 0
560 570 585 570 585 599 560 599 neuron 0
593 595 614 595 614 625 593 625 neuron 0
580 583 604 583 604 605 580 605 neuron 0
569 591 588 591 588 622 569 622 neuron 0
555 586 577 586 577 616 555 616 neuron 0
579 599 602 599 602 628 579 628 neuron 0
605 600 630 600 630 630 605 630 neuron 0
569 223 593 223 593 257 569 257 neuron 0
600 398 621 398 621 427 600 427 neuron 0
379 86 404 86 404 117 379 117 neuron 0
349 19 370 19 370 49 349 49 neuron 0
316 0 339 0 339 31 316 31 neuron 0
388 1 414 1 414 26 388 26 neuron 0
407 0 433 0 433 30 407 30 neuron 0
406 21 431 21 431 50 406 50 neuron 0
431 28 455 28 455 58 431 58 neuron 0
434 0 457 0 457 24 434 24 neuron 0
513 0 537 0 537 32 513 32 neuron 0
543 8 564 8 564 39 543 39 neuron 0
578 21 604 21 604 50 578 50 neuron 0
560 20 585 20 585 53 560 53 neuron 0
603 0 624 0 624 33 603 33 neuron 0
568 37 593 37 593 62 568 62 neuron 0
284 96 308 96 308 126 284 126 neuron 0
302 86 325 86 325 117 302 117 neuron 0
228 132 255 132 255 161 228 161 neuron 0
185 138 213 138 213 167 185 167 neuron 0
175 127 199 127 199 157 175 157 neuron 0
182 111 202 111 202 138 182 138 neuron 0
168 111 190 111 190 139 168 139 neuron 0
24 138 49 138 49 168 24 168 neuron 0
0 77 26 77 26 103 0 103 neuron 0
76 55 99 55 99 89 76 89 neuron 0
62 76 86 76 86 108 62 108 neuron 0
93 79 118 79 118 107 93 107 neuron 0
99 91 123 91 123 116 99 116 neuron 0