2 398 26 398 26 428 2 428 neuron 0
1 416 22 416 22 441 1 441 neuron 0
67 612 91 612 91 640 67 640 neuron 0
28 415 50 415 50 444 28 444 neuron 0
28 432 50 432 50 458 28 458 neuron 0
53 414 77 414 77 443 53 443 neuron 0
54 431 81 431 81 461 54 461 neuron 0
88 419 109 419 109 451 88 451 neuron 0
123 429 144 429 144 465 123 465 neuron 0
87 465 108 465 108 495 87 495 neuron 0
79 456 98 456 98 484 79 484 neuron 0
175 559 197 559 197 591 175 591 neuron 0
189 569 209 569 209 597 189 597 neuron 0
193 556 215 556 215 582 193 582 neuron 0
215 584 237 584 237 614 215 614 neuron 0
207 596 230 596 230 625 207 625 neuron 0
183 439 206 439 206 470 183 470 neuron 0
197 427 218 427 218 459 197 459 neuron 0
173 411 193 411 193 445 173 445 neuron 0
59 334 80 334 80 364 59 364 neuron 0
123 306 144 306 144 338 123 338 neuron 0
143 347 164 347 164 377 143 377 neuron 0
138 362 159 362 159 392 138 392 neuron 0
124 360 144 360 144 393 124 393 neuron 0
106 365 129 365 129 396 106 396 neuron 0
24 213 48 213 48 244 24 244 neuron 0
95 224 115 224 115 258 95 258 neuron 0
294 441 317 441 317 469 294 469 neuron 0
288 430 312 430 312 456 288 456 neuron 0
342 480 363 480 363 512 342 512 neuron 0
313 445 337 445 337 473 313 473 neuron 0
329 441 351 441 351 468 329 468 neuron 0
350 427 377 427 377 458 350 458 neuron 0
366 415 392 415 392 441 366 441 neuron 0
380 576 400 576 400 606 380 606 neuron 0
363 605 386 605 386 634 363 634 neuron 0
443 600 465 600 465 627 443 627 neuron 0
458 597 482 597 482 627 458 627 neuron 0
420 545 442 545 442 579 420 579 neuron 0
433 558 455 558 455 587 433 587 neuron 0
443 492 465 492 465 520 443 520 neuron 0
453 477 473 477 473 507 453 507 neuron 0
439 459 463 459 463 487 439 487 neuron 0
412 379 433 379 433 404 412 404 neuron 0
440 278 463 278 463 307 440 307 neuron 0
436 233 457 233 457 264 436 264 neuron 0
541 360 563 360 563 391 541 391 neuron 0
491 489 512 489 512 518 491 518 neuron 0
535 529 555 529 555 558 535 558 neuron 0
536 586 555 586 555 615 536 615 neuron 0
552 581 573 581 573 615 552 615 neuron 0
623 354 640 354 640 385 623 385 neuron 0
417 200 438 200 438 227 417 227 neuron 0
385 213 404 213 404 238 385 238 neuron 0
501 42 523 42 523 68 501 68 neuron 0
487 42 508 42 508 68 487 68 neuron 0
485 26 510 26 510 52 485 52 neuron 0
489 9 511 9 511 37 489 37 neuron 0
540 35 561 35 561 63 540 63 neuron 0
555 38 574 38 574 67 555 67 neuron 0
573 12 593 12 593 40 573 40 neuron 0
555 4 573 4 573 38 555 38 neuron 0
544 0 564 0 564 20 544 20 neuron 0
529 0 552 0 552 20 529 20 neuron 0
532 8 554 8 554 32 532 32 neuron 0
279 212 302 212 302 241 279 241 neuron 0
278 229 297 229 297 257 278 257 neuron 0
291 229 310 229 310 258 291 258 neuron 0
302 232 323 232 323 262 302 262 neuron 0
219 107 243 107 243 136 219 136 neuron 0
168 113 192 113 192 147 168 147 neuron 0
14 92 35 92 35 122 14 122 neuron 0
5 10 27 10 27 41 5 41 neuron 0
19 13 41 13 41 44 19 44 neuron 0
52 0 72 0 72 27 52 27 neuron 0
72 31 97 31 97 62 72 62 neuron 0
71 62 92 62 92 90 71 90 neuron 0
92 153 115 153 115 187 92 187 neuron 0
105 74 126 74 126 103 105 103 neuron 0
112 19 133 19 133 47 112 47 neuron 0
138 37 164 37 164 66 138 66 neuron 0
88 293 107 293 107 320 88 320 neuron 0
116 72 126 72 126 86 116 86 neuron 0
87 135 108 135 108 169 87 169 neuron 0