11 474 35 474 35 503 11 503 neuron 0
30 609 52 609 52 638 30 638 neuron 0
151 425 173 425 173 457 151 457 neuron 0
220 580 245 580 245 609 220 609 neuron 0
233 594 257 594 257 623 233 623 neuron 0
331 518 352 518 352 552 331 552 neuron 0
223 429 247 429 247 463 223 463 neuron 0
199 348 223 348 223 383 199 383 neuron 0
0 324 19 324 19 354 0 354 neuron 0
11 312 34 312 34 342 11 342 neuron 0
84 280 112 280 112 307 84 307 neuron 0
54 180 76 180 76 211 54 211 neuron 0
142 256 163 256 163 288 142 288 neuron 0
163 206 185 206 185 232 163 232 neuron 0
197 243 218 243 218 274 197 274 neuron 0
225 218 249 218 249 248 225 248 neuron 0
243 255 264 255 264 287 243 287 neuron 0
195 297 218 297 218 325 195 325 neuron 0
145 325 167 325 167 355 145 355 neuron 0
148 345 170 345 170 373 148 373 neuron 0
136 316 157 316 157 345 136 345 neuron 0
141 192 163 192 163 222 141 222 neuron 0
375 315 398 315 398 346 375 346 neuron 0
419 463 442 463 442 495 419 495 neuron 0
440 554 462 554 462 585 440 585 neuron 0
460 286 482 286 482 315 460 315 neuron 0
536 356 557 356 557 387 536 387 neuron 0
598 288 621 288 621 316 598 316 neuron 0
501 188 523 188 523 226 501 226 neuron 0
493 126 517 126 517 160 493 160 neuron 0
584 130 608 130 608 161 584 161 neuron 0
380 14 402 14 402 43 380 43 neuron 0
299 124 326 124 326 158 299 158 neuron 0
370 60 390 60 390 92 370 92 neuron 0
375 69 398 69 398 103 375 103 neuron 0
357 74 379 74 379 104 357 104 neuron 0
357 54 380 54 380 84 357 84 neuron 0
349 64 368 64 368 90 349 90 neuron 0
345 80 365 80 365 111 345 111 neuron 0
330 86 351 86 351 117 330 117 neuron 0
7 11 29 11 29 41 7 41 neuron 0
140 41 164 41 164 67 140 67 neuron 0
152 50 174 50 174 79 152 79 neuron 0
142 60 163 60 163 92 142 92 neuron 0
133 54 153 54 153 83 133 83 neuron 0