168 553 188 553 188 584 168 584 neuron 0
229 611 250 611 250 640 229 640 neuron 0
243 580 266 580 266 612 243 612 neuron 0
273 578 296 578 296 604 273 604 neuron 0
284 535 308 535 308 561 284 561 neuron 0
299 585 323 585 323 613 299 613 neuron 0
26 300 48 300 48 329 26 329 neuron 0
42 294 63 294 63 323 42 323 neuron 0
42 325 63 325 63 353 42 353 neuron 0
37 361 55 361 55 388 37 388 neuron 0
24 368 44 368 44 397 24 397 neuron 0
14 361 35 361 35 385 14 385 neuron 0
112 373 136 373 136 401 112 401 neuron 0
122 386 144 386 144 414 122 414 neuron 0
138 383 158 383 158 414 138 414 neuron 0
147 344 168 344 168 378 147 378 neuron 0
138 352 159 352 159 382 138 382 neuron 0
138 291 160 291 160 318 138 318 neuron 0
106 261 126 261 126 289 106 289 neuron 0
182 344 203 344 203 373 182 373 neuron 0
189 316 211 316 211 348 189 348 neuron 0
223 437 242 437 242 468 223 468 neuron 0
63 179 85 179 85 209 63 209 neuron 0
77 187 98 187 98 215 77 215 neuron 0
85 228 105 228 105 258 85 258 neuron 0
85 271 104 271 104 300 85 300 neuron 0
124 343 148 343 148 375 124 375 neuron 0
162 251 182 251 182 281 162 281 neuron 0
179 277 198 277 198 303 179 303 neuron 0
187 245 208 245 208 271 187 271 neuron 0
198 249 219 249 219 279 198 279 neuron 0
201 266 223 266 223 292 201 292 neuron 0
202 281 224 281 224 309 202 309 neuron 0
190 288 211 288 211 314 190 314 neuron 0
374 480 401 480 401 509 374 509 neuron 0
386 543 410 543 410 568 386 568 neuron 0
361 595 384 595 384 625 361 625 neuron 0
374 598 398 598 398 628 374 628 neuron 0
405 511 429 511 429 545 405 545 neuron 0
437 522 458 522 458 551 437 551 neuron 0
447 539 468 539 468 572 447 572 neuron 0
449 564 471 564 471 593 449 593 neuron 0
572 549 597 549 597 575 572 575 neuron 0
585 463 606 463 606 499 585 499 neuron 0
540 440 563 440 563 469 540 469 neuron 0
277 519 301 519 301 545 277 545 neuron 0
86 121 107 121 107 152 86 152 neuron 0
76 105 95 105 95 135 76 135 neuron 0
67 111 84 111 84 142 67 142 neuron 0
76 126 93 126 93 154 76 154 neuron 0
82 86 103 86 103 116 82 116 neuron 0
75 68 99 68 99 94 75 94 neuron 0
96 87 117 87 117 117 96 117 neuron 0
0 101 18 101 18 127 0 127 neuron 0
0 80 21 80 21 109 0 109 neuron 0
0 60 18 60 18 90 0 90 neuron 0
9 93 29 93 29 121 9 121 neuron 0