18 499 38 499 38 530 18 530 neuron 0
15 566 39 566 39 595 15 595 neuron 0
139 572 160 572 160 602 139 602 neuron 0
127 568 148 568 148 594 127 594 neuron 0
38 262 59 262 59 291 38 291 neuron 0
112 243 131 243 131 271 112 271 neuron 0
70 167 92 167 92 196 70 196 neuron 0
146 235 168 235 168 265 146 265 neuron 0
109 191 133 191 133 220 109 220 neuron 0
189 428 212 428 212 458 189 458 neuron 0
150 368 172 368 172 398 150 398 neuron 0
283 612 304 612 304 640 283 640 neuron 0
318 545 339 545 339 575 318 575 neuron 0
343 561 363 561 363 592 343 592 neuron 0
339 583 360 583 360 614 339 614 neuron 0
304 469 324 469 324 499 304 499 neuron 0
291 457 312 457 312 483 291 483 neuron 0
292 435 313 435 313 467 292 467 neuron 0
272 418 294 418 294 449 272 449 neuron 0
0 294 18 294 18 323 0 323 neuron 0
22 286 43 286 43 314 22 314 neuron 0
9 317 29 317 29 345 9 345 neuron 0
9 301 29 301 29 327 9 327 neuron 0
211 418 231 418 231 448 211 448 neuron 0
209 373 233 373 233 404 209 404 neuron 0
224 402 245 402 245 431 224 431 neuron 0
223 421 244 421 244 447 223 447 neuron 0
218 392 240 392 240 417 218 417 neuron 0
242 389 268 389 268 420 242 420 neuron 0
263 338 284 338 284 371 263 371 neuron 0
292 318 313 318 313 347 292 347 neuron 0
254 305 275 305 275 336 254 336 neuron 0
256 326 274 326 274 350 256 350 neuron 0
243 319 263 319 263 349 243 349 neuron 0
234 284 257 284 257 310 234 310 neuron 0
286 302 308 302 308 329 286 329 neuron 0
219 223 243 223 243 250 219 250 neuron 0
209 170 233 170 233 200 209 200 neuron 0
237 184 258 184 258 214 237 214 neuron 0
342 355 363 355 363 385 342 385 neuron 0
304 382 324 382 324 412 304 412 neuron 0
284 390 303 390 303 421 284 421 neuron 0
236 161 261 161 261 190 236 190 neuron 0
374 417 397 417 397 446 374 446 neuron 0
361 543 382 543 382 574 361 574 neuron 0
378 326 399 326 399 355 378 355 neuron 0
374 292 394 292 394 321 374 321 neuron 0
388 277 409 277 409 306 388 306 neuron 0
381 241 401 241 401 271 381 271 neuron 0
394 244 416 244 416 276 394 276 neuron 0
455 277 474 277 474 306 455 306 neuron 0
480 273 503 273 503 304 480 304 neuron 0
502 248 522 248 522 278 502 278 neuron 0
492 259 511 259 511 288 492 288 neuron 0
543 521 566 521 566 549 543 549 neuron 0
593 305 617 305 617 331 593 331 neuron 0
611 238 631 238 631 270 611 270 neuron 0
550 224 572 224 572 256 550 256 neuron 0
533 224 557 224 557 255 533 255 neuron 0
534 249 553 249 553 278 534 278 neuron 0
544 240 565 240 565 270 544 270 neuron 0
504 170 524 170 524 200 504 200 neuron 0
489 175 510 175 510 203 489 203 neuron 0
505 190 526 190 526 218 505 218 neuron 0
516 177 534 177 534 207 516 207 neuron 0
594 66 618 66 618 95 594 95 neuron 0
615 66 637 66 637 96 615 96 neuron 0
457 108 478 108 478 138 457 138 neuron 0
408 115 432 115 432 145 408 145 neuron 0
428 107 449 107 449 133 428 133 neuron 0
431 79 453 79 453 108 431 108 neuron 0
433 92 443 92 443 106 433 106 neuron 0
410 87 431 87 431 112 410 112 neuron 0
410 69 432 69 432 95 410 95 neuron 0
399 56 419 56 419 84 399 84 neuron 0
361 39 381 39 381 67 361 67 neuron 0
375 45 399 45 399 74 375 74 neuron 0
363 56 386 56 386 81 363 81 neuron 0
384 75 408 75 408 106 384 106 neuron 0
410 52 430 52 430 79 410 79 neuron 0
288 52 309 52 309 82 288 82 neuron 0
334 21 353 21 353 47 334 47 neuron 0
347 0 369 0 369 29 347 29 neuron 0
166 81 187 81 187 112 166 112 neuron 0
150 66 174 66 174 95 150 95 neuron 0
151 81 171 81 171 109 151 109 neuron 0
125 60 147 60 147 89 125 89 neuron 0