260 513 284 513 284 551 260 551 neuron 0
261 491 284 491 284 525 261 525 neuron 0
206 445 231 445 231 479 206 479 neuron 0
208 424 236 424 236 460 208 460 neuron 0
332 503 356 503 356 541 332 541 neuron 0
192 395 214 395 214 432 192 432 neuron 0
157 355 180 355 180 391 157 391 neuron 0
169 345 194 345 194 371 169 371 neuron 0
180 328 200 328 200 364 180 364 neuron 0
160 379 189 379 189 417 160 417 neuron 0
164 316 189 316 189 355 164 355 neuron 0
154 303 178 303 178 336 154 336 neuron 0
130 281 155 281 155 316 130 316 neuron 0
123 297 146 297 146 332 123 332 neuron 0
76 240 104 240 104 281 76 281 neuron 0
34 239 58 239 58 275 34 275 neuron 0
15 225 38 225 38 263 15 263 neuron 0
21 247 41 247 41 281 21 281 neuron 0
33 263 56 263 56 292 33 292 neuron 0
198 312 224 312 224 351 198 351 neuron 0
232 308 256 308 256 348 232 348 neuron 0
222 287 249 287 249 320 222 320 neuron 0
237 273 260 273 260 303 237 303 neuron 0
247 283 269 283 269 313 247 313 neuron 0
257 299 278 299 278 331 257 331 neuron 0
261 275 282 275 282 311 261 311 neuron 0
269 290 292 290 292 326 269 326 neuron 0
222 223 245 223 245 257 222 257 neuron 0
224 247 248 247 248 281 224 281 neuron 0
262 241 284 241 284 279 262 279 neuron 0
172 185 195 185 195 223 172 223 neuron 0
280 263 308 263 308 301 280 301 neuron 0
184 355 205 355 205 392 184 392 neuron 0
144 325 167 325 167 360 144 360 neuron 0
137 324 155 324 155 356 137 356 neuron 0
338 605 367 605 367 640 338 640 neuron 0
363 569 389 569 389 608 363 608 neuron 0
359 552 386 552 386 583 359 583 neuron 0
518 605 541 605 541 640 518 640 neuron 0
512 581 536 581 536 616 512 616 neuron 0
519 552 540 552 540 592 519 592 neuron 0
497 533 520 533 520 571 497 571 neuron 0
504 555 528 555 528 589 504 589 neuron 0
477 511 502 511 502 549 477 549 neuron 0
442 450 466 450 466 486 442 486 neuron 0
530 512 555 512 555 548 530 548 neuron 0
336 282 362 282 362 322 336 322 neuron 0
365 308 391 308 391 351 365 351 neuron 0
385 303 410 303 410 340 385 340 neuron 0
408 296 434 296 434 329 408 329 neuron 0
426 297 451 297 451 332 426 332 neuron 0
375 239 395 239 395 277 375 277 neuron 0
361 247 384 247 384 283 361 283 neuron 0
342 248 365 248 365 277 342 277 neuron 0
331 232 352 232 352 265 331 265 neuron 0
547 601 571 601 571 635 547 635 neuron 0
549 576 574 576 574 612 549 612 neuron 0
616 449 637 449 637 484 616 484 neuron 0
623 427 640 427 640 467 623 467 neuron 0
622 403 640 403 640 439 622 439 neuron 0
609 407 632 407 632 449 609 449 neuron 0
607 381 631 381 631 420 607 420 neuron 0
595 399 617 399 617 432 595 432 neuron 0
575 399 599 399 599 433 575 433 neuron 0
579 420 606 420 606 455 579 455 neuron 0
590 361 615 361 615 399 590 399 neuron 0
576 354 599 354 599 394 576 394 neuron 0
587 84 609 84 609 119 587 119 neuron 0
619 201 640 201 640 239 619 239 neuron 0
605 186 629 186 629 222 605 222 neuron 0
595 168 617 168 617 204 595 204 neuron 0
579 167 603 167 603 204 579 204 neuron 0
579 136 603 136 603 171 579 171 neuron 0
530 108 556 108 556 141 530 141 neuron 0
523 88 551 88 551 119 523 119 neuron 0
493 95 516 95 516 129 493 129 neuron 0
344 209 367 209 367 247 344 247 neuron 0
333 204 355 204 355 237 333 237 neuron 0
319 207 342 207 342 237 319 237 neuron 0
308 216 331 216 331 252 308 252 neuron 0
283 196 309 196 309 232 283 232 neuron 0
270 215 292 215 292 247 270 247 neuron 0
265 189 290 189 290 224 265 224 neuron 0
265 164 293 164 293 200 265 200 neuron 0
249 146 271 146 271 186 249 186 neuron 0
249 40 273 40 273 79 249 79 neuron 0
293 102 318 102 318 146 293 146 neuron 0
354 0 379 0 379 40 354 40 neuron 0
369 16 389 16 389 51 369 51 neuron 0
393 14 416 14 416 54 393 54 neuron 0
443 31 468 31 468 69 443 69 neuron 0
445 72 468 72 468 108 445 108 neuron 0
430 69 453 69 453 108 430 108 neuron 0
424 96 449 96 449 131 424 131 neuron 0
366 171 388 171 388 208 366 208 neuron 0
382 167 404 167 404 204 382 204 neuron 0
367 132 392 132 392 165 367 165 neuron 0
373 88 395 88 395 121 373 121 neuron 0
403 117 424 117 424 152 403 152 neuron 0
415 118 436 118 436 154 415 154 neuron 0
405 139 429 139 429 168 405 168 neuron 0
406 96 432 96 432 131 406 131 neuron 0
411 72 433 72 433 105 411 105 neuron 0
396 75 419 75 419 111 396 111 neuron 0
191 143 216 143 216 181 191 181 neuron 0
183 127 205 127 205 163 183 163 neuron 0
20 138 41 138 41 178 20 178 neuron 0
22 77 44 77 44 115 22 115 neuron 0