53 361 79 361 79 400 53 400 neuron 0
68 323 93 323 93 359 68 359 neuron 0
77 337 100 337 100 372 77 372 neuron 0
92 335 114 335 114 369 92 369 neuron 0
134 332 157 332 157 367 134 367 neuron 0
138 316 163 316 163 351 138 351 neuron 0
110 245 134 245 134 284 110 284 neuron 0
125 243 146 243 146 281 125 281 neuron 0
162 228 187 228 187 265 162 265 neuron 0
170 215 194 215 194 249 170 249 neuron 0
198 208 228 208 228 244 198 244 neuron 0
234 231 267 231 267 267 234 267 neuron 0
204 321 232 321 232 359 204 359 neuron 0
172 425 197 425 197 468 172 468 neuron 0
184 445 208 445 208 487 184 487 neuron 0
188 498 214 498 214 534 188 534 neuron 0
172 507 202 507 202 549 172 549 neuron 0
219 553 246 553 246 591 219 591 neuron 0
238 529 262 529 262 567 238 567 neuron 0
254 527 275 527 275 564 254 564 neuron 0
268 527 289 527 289 560 268 560 neuron 0
282 527 303 527 303 556 282 556 neuron 0
296 513 319 513 319 551 296 551 neuron 0
292 493 316 493 316 527 292 527 neuron 0
274 465 296 465 296 500 274 500 neuron 0
262 475 286 475 286 508 262 508 neuron 0
300 551 325 551 325 585 300 585 neuron 0
300 575 324 575 324 615 300 615 neuron 0
287 570 310 570 310 610 287 610 neuron 0
289 393 312 393 312 428 289 428 neuron 0
293 306 318 306 318 342 293 342 neuron 0
2 455 25 455 25 492 2 492 neuron 0
228 574 252 574 252 610 228 610 neuron 0
239 572 262 572 262 616 239 616 neuron 0
349 403 372 403 372 444 349 444 neuron 0
368 296 391 296 391 331 368 331 neuron 0
382 290 409 290 409 322 382 322 neuron 0
404 292 429 292 429 327 404 327 neuron 0
383 308 410 308 410 344 383 344 neuron 0
384 344 410 344 410 380 384 380 neuron 0
408 540 434 540 434 577 408 577 neuron 0
455 513 478 513 478 551 455 551 neuron 0
462 541 488 541 488 575 462 575 neuron 0
460 572 483 572 483 608 460 608 neuron 0
450 555 474 555 474 589 450 589 neuron 0
478 575 503 575 503 615 478 615 neuron 0
574 544 597 544 597 583 574 583 neuron 0
579 570 603 570 603 610 579 610 neuron 0
581 600 606 600 606 639 581 639 neuron 0
513 439 535 439 535 477 513 477 neuron 0
490 392 517 392 517 435 490 435 neuron 0
397 316 424 316 424 349 397 349 neuron 0
453 285 474 285 474 324 453 324 neuron 0
443 255 468 255 468 291 443 291 neuron 0
479 236 498 236 498 272 479 272 neuron 0
489 233 515 233 515 268 489 268 neuron 0
484 287 507 287 507 320 484 320 neuron 0
489 301 513 301 513 336 489 336 neuron 0
584 282 608 282 608 318 584 318 neuron 0
618 321 640 321 640 356 618 356 neuron 0
609 236 633 236 633 269 609 269 neuron 0
615 219 640 219 640 256 615 256 neuron 0
621 200 640 200 640 232 621 232 neuron 0
608 193 629 193 629 232 608 232 neuron 0
578 167 603 167 603 209 578 209 neuron 0
591 145 613 145 613 184 591 184 neuron 0
557 188 582 188 582 221 557 221 neuron 0
577 103 603 103 603 143 577 143 neuron 0
445 116 469 116 469 153 445 153 neuron 0
437 39 462 39 462 76 437 76 neuron 0
454 9 479 9 479 43 454 43 neuron 0
521 31 547 31 547 71 521 71 neuron 0
534 6 556 6 556 42 534 42 neuron 0
252 160 280 160 280 208 252 208 neuron 0
225 124 249 124 249 160 225 160 neuron 0
295 95 320 95 320 133 295 133 neuron 0
372 77 395 77 395 115 372 115 neuron 0
357 28 381 28 381 64 357 64 neuron 0
163 118 188 118 188 158 163 158 neuron 0
109 171 134 171 134 208 109 208 neuron 0
113 151 139 151 139 181 113 181 neuron 0
121 129 142 129 142 167 121 167 neuron 0
150 97 174 97 174 135 150 135 neuron 0
140 95 161 95 161 132 140 132 neuron 0
128 77 153 77 153 115 128 115 neuron 0
119 29 144 29 144 72 119 72 neuron 0
106 12 130 12 130 48 106 48 neuron 0
83 149 108 149 108 187 83 187 neuron 0