4 455 27 455 27 491 4 491 neuron 0
55 360 80 360 80 399 55 399 neuron 0
76 335 99 335 99 372 76 372 neuron 0
68 320 97 320 97 356 68 356 neuron 0
90 330 114 330 114 366 90 366 neuron 0
138 309 163 309 163 348 138 348 neuron 0
135 327 158 327 158 365 135 365 neuron 0
109 244 135 244 135 283 109 283 neuron 0
125 239 148 239 148 280 125 280 neuron 0
161 225 186 225 186 260 161 260 neuron 0
168 208 193 208 193 245 168 245 neuron 0
206 317 231 317 231 352 206 352 neuron 0
174 423 199 423 199 465 174 465 neuron 0
186 439 209 439 209 479 186 479 neuron 0
172 501 202 501 202 543 172 543 neuron 0
192 492 215 492 215 528 192 528 neuron 0
198 203 227 203 227 240 198 240 neuron 0
234 221 263 221 263 259 234 259 neuron 0
221 548 246 548 246 585 221 585 neuron 0
232 567 254 567 254 601 232 601 neuron 0
242 565 265 565 265 608 242 608 neuron 0
242 521 266 521 266 556 242 556 neuron 0
256 524 279 524 279 559 256 559 neuron 0
269 520 292 520 292 556 269 556 neuron 0
284 518 305 518 305 550 284 550 neuron 0
298 506 321 506 321 542 298 542 neuron 0
275 459 299 459 299 491 275 491 neuron 0
304 570 327 570 327 606 304 606 neuron 0
301 540 330 540 330 581 301 581 neuron 0
289 559 312 559 312 600 289 600 neuron 0
293 295 321 295 321 336 293 336 neuron 0
290 387 315 387 315 423 290 423 neuron 0
347 395 371 395 371 436 347 436 neuron 0
386 334 410 334 410 370 386 370 neuron 0
385 296 409 296 409 333 385 333 neuron 0
367 286 390 286 390 326 367 326 neuron 0
381 281 406 281 406 311 381 311 neuron 0
407 278 431 278 431 314 407 314 neuron 0
399 307 425 307 425 340 399 340 neuron 0
410 529 438 529 438 567 410 567 neuron 0
458 503 482 503 482 540 458 540 neuron 0
466 531 492 531 492 565 466 565 neuron 0
454 544 481 544 481 577 454 577 neuron 0
461 563 488 563 488 599 461 599 neuron 0
481 563 505 563 505 600 481 600 neuron 0
490 373 515 373 515 419 490 419 neuron 0
513 431 539 431 539 468 513 468 neuron 0
584 555 606 555 606 595 584 595 neuron 0
583 584 609 584 609 621 583 621 neuron 0
575 526 598 526 598 566 575 566 neuron 0
451 273 475 273 475 308 451 308 neuron 0
441 243 469 243 469 280 441 280 neuron 0
484 268 509 268 509 304 484 304 neuron 0
490 290 512 290 512 322 490 322 neuron 0
478 224 500 224 500 261 478 261 neuron 0
489 219 512 219 512 256 489 256 neuron 0
583 267 610 267 610 303 583 303 neuron 0
618 305 640 305 640 344 618 344 neuron 0
553 173 577 173 577 208 553 208 neuron 0
581 153 602 153 602 195 581 195 neuron 0
590 129 612 129 612 168 590 168 neuron 0
607 180 628 180 628 219 607 219 neuron 0
619 186 640 186 640 218 619 218 neuron 0
617 204 640 204 640 244 617 244 neuron 0
608 217 632 217 632 256 608 256 neuron 0
577 89 601 89 601 127 577 127 neuron 0
436 28 460 28 460 67 436 67 neuron 0
443 104 466 104 466 143 443 143 neuron 0
433 124 459 124 459 165 433 165 neuron 0
520 16 546 16 546 57 520 57 neuron 0
219 119 247 119 247 157 219 157 neuron 0
254 156 278 156 278 203 254 203 neuron 0
292 88 317 88 317 125 292 125 neuron 0
356 20 379 20 379 56 356 56 neuron 0
370 64 394 64 394 108 370 108 neuron 0
451 2 476 2 476 34 451 34 neuron 0
107 7 130 7 130 47 107 47 neuron 0
119 28 143 28 143 72 119 72 neuron 0
81 147 107 147 107 185 81 185 neuron 0
108 170 134 170 134 202 108 202 neuron 0
112 150 135 150 135 182 112 182 neuron 0
120 128 140 128 140 165 120 165 neuron 0
128 74 152 74 152 114 128 114 neuron 0
140 87 163 87 163 129 140 129 neuron 0
151 94 174 94 174 134 151 134 neuron 0
163 113 186 113 186 152 163 152 neuron 0