96 512 119 512 119 551 96 551 neuron 0
93 537 115 537 115 572 93 572 neuron 0
91 490 114 490 114 522 91 522 neuron 0
85 461 104 461 104 500 85 500 neuron 0
94 461 117 461 117 500 94 500 neuron 0
105 460 125 460 125 503 105 503 neuron 0
99 433 122 433 122 472 99 472 neuron 0
92 374 115 374 115 414 92 414 neuron 0
96 351 121 351 121 387 96 387 neuron 0
53 284 76 284 76 321 53 321 neuron 0
34 276 60 276 60 311 34 311 neuron 0
41 257 68 257 68 291 41 291 neuron 0
260 517 282 517 282 556 260 556 neuron 0
272 524 297 524 297 559 272 559 neuron 0
288 524 313 524 313 559 288 559 neuron 0
244 387 265 387 265 425 244 425 neuron 0
238 361 263 361 263 396 238 396 neuron 0
258 353 278 353 278 391 258 391 neuron 0
255 381 274 381 274 415 255 415 neuron 0
269 363 294 363 294 396 269 396 neuron 0
270 316 294 316 294 351 270 351 neuron 0
252 319 275 319 275 359 252 359 neuron 0
66 223 94 223 94 263 66 263 neuron 0
55 211 80 211 80 240 55 240 neuron 0
74 209 99 209 99 243 74 243 neuron 0
325 303 350 303 350 336 325 336 neuron 0
351 300 376 300 376 339 351 339 neuron 0
338 504 365 504 365 544 338 544 neuron 0
371 592 397 592 397 629 371 629 neuron 0
339 592 371 592 371 625 339 625 neuron 0
339 573 360 573 360 607 339 607 neuron 0
351 559 375 559 375 597 351 597 neuron 0
495 589 517 589 517 627 495 627 neuron 0
507 575 527 575 527 615 507 615 neuron 0
492 555 513 555 513 595 492 595 neuron 0
492 515 514 515 514 551 492 551 neuron 0
481 525 504 525 504 560 481 560 neuron 0
476 499 500 499 500 533 476 533 neuron 0
446 488 470 488 470 523 446 523 neuron 0
424 443 446 443 446 473 424 473 neuron 0
439 444 461 444 461 475 439 475 neuron 0
412 390 431 390 431 422 412 422 neuron 0
399 404 417 404 417 439 399 439 neuron 0
435 426 459 426 459 454 435 454 neuron 0
431 368 453 368 453 407 431 407 neuron 0
441 360 463 360 463 396 441 396 neuron 0
419 315 443 315 443 353 419 353 neuron 0
435 300 458 300 458 335 435 335 neuron 0
441 323 461 323 461 355 441 355 neuron 0
485 283 510 283 510 317 485 317 neuron 0
498 332 525 332 525 367 498 367 neuron 0
494 354 517 354 517 390 494 390 neuron 0
534 411 558 411 558 444 534 444 neuron 0
551 468 574 468 574 499 551 499 neuron 0
569 535 593 535 593 573 569 573 neuron 0
581 431 606 431 606 464 581 464 neuron 0
578 384 599 384 599 419 578 419 neuron 0
583 408 605 408 605 443 583 443 neuron 0
602 375 622 375 622 415 602 415 neuron 0
588 374 611 374 611 410 588 410 neuron 0
604 403 624 403 624 440 604 440 neuron 0
402 7 424 7 424 44 402 44 neuron 0
549 20 571 20 571 56 549 56 neuron 0
534 52 557 52 557 91 534 91 neuron 0
527 121 550 121 550 159 527 159 neuron 0
508 121 531 121 531 160 508 160 neuron 0
496 137 516 137 516 179 496 179 neuron 0
237 175 261 175 261 209 237 209 neuron 0
243 199 264 199 264 233 243 233 neuron 0
312 132 335 132 335 167 312 167 neuron 0
38 199 61 199 61 231 38 231 neuron 0
86 138 111 138 111 166 86 166 neuron 0
96 116 119 116 119 153 96 153 neuron 0
125 165 147 165 147 196 125 196 neuron 0
132 135 155 135 155 169 132 169 neuron 0
148 144 171 144 171 181 148 181 neuron 0