5 517 30 517 30 555 5 555 neuron 0
32 493 58 493 58 531 32 531 neuron 0
32 512 53 512 53 547 32 547 neuron 0
45 515 69 515 69 552 45 552 neuron 0
37 533 62 533 62 571 37 571 neuron 0
25 525 46 525 46 559 25 559 neuron 0
39 348 61 348 61 388 39 388 neuron 0
62 249 85 249 85 288 62 288 neuron 0
76 223 99 223 99 259 76 259 neuron 0
80 248 101 248 101 283 80 283 neuron 0
89 231 109 231 109 264 89 264 neuron 0
88 207 109 207 109 243 88 243 neuron 0
52 204 75 204 75 239 52 239 neuron 0
37 207 60 207 60 240 37 240 neuron 0
64 216 86 216 86 251 64 251 neuron 0
92 242 119 242 119 286 92 286 neuron 0
72 199 97 199 97 235 72 235 neuron 0
56 183 84 183 84 220 56 220 neuron 0
37 183 65 183 65 217 37 217 neuron 0
50 164 78 164 78 197 50 197 neuron 0
73 170 99 170 99 206 73 206 neuron 0
98 209 119 209 119 247 98 247 neuron 0
102 183 127 183 127 217 102 217 neuron 0
103 148 130 148 130 188 103 188 neuron 0
194 192 222 192 222 227 194 227 neuron 0
217 205 241 205 241 239 217 239 neuron 0
389 541 414 541 414 579 389 579 neuron 0
476 458 499 458 499 494 476 494 neuron 0
398 379 419 379 419 416 398 416 neuron 0
372 341 395 341 395 379 372 379 neuron 0
379 356 405 356 405 393 379 393 neuron 0
430 367 459 367 459 404 430 404 neuron 0
465 377 488 377 488 412 465 412 neuron 0
449 429 473 429 473 460 449 460 neuron 0
438 523 458 523 458 563 438 563 neuron 0
490 452 513 452 513 489 490 489 neuron 0
494 436 519 436 519 468 494 468 neuron 0
429 434 454 434 454 462 429 462 neuron 0
463 443 491 443 491 477 463 477 neuron 0
458 464 484 464 484 500 458 500 neuron 0
503 464 525 464 525 500 503 500 neuron 0
514 458 539 458 539 494 514 494 neuron 0
529 465 553 465 553 503 529 503 neuron 0
525 418 550 418 550 454 525 454 neuron 0
518 440 545 440 545 475 518 475 neuron 0
466 348 493 348 493 387 466 387 neuron 0
475 313 499 313 499 351 475 351 neuron 0
473 289 496 289 496 328 473 328 neuron 0
488 265 511 265 511 304 488 304 neuron 0
501 255 523 255 523 293 501 293 neuron 0
508 239 530 239 530 272 508 272 neuron 0
520 239 546 239 546 269 520 269 neuron 0
517 257 541 257 541 292 517 292 neuron 0
544 318 571 318 571 362 544 362 neuron 0
566 291 592 291 592 332 566 332 neuron 0
571 316 595 316 595 352 571 352 neuron 0
340 239 370 239 370 271 340 271 neuron 0
388 245 411 245 411 279 388 279 neuron 0
401 251 423 251 423 289 401 289 neuron 0
392 271 415 271 415 305 392 305 neuron 0
430 75 455 75 455 113 430 113 neuron 0
388 219 415 219 415 257 388 257 neuron 0
393 192 418 192 418 231 393 231 neuron 0
586 125 611 125 611 171 586 171 neuron 0
576 249 601 249 601 288 576 288 neuron 0
578 208 602 208 602 244 578 244 neuron 0
593 188 616 188 616 223 593 223 neuron 0
596 208 622 208 622 245 596 245 neuron 0
355 3 378 3 378 44 355 44 neuron 0
347 43 371 43 371 80 347 80 neuron 0
344 66 366 66 366 98 344 98 neuron 0
351 80 377 80 377 117 351 117 neuron 0
358 104 380 104 380 140 358 140 neuron 0
359 52 385 52 385 92 359 92 neuron 0
137 167 169 167 169 204 137 204 neuron 0
133 181 158 181 158 219 133 219 neuron 0
83 83 107 83 107 120 83 120 neuron 0
58 48 86 48 86 87 58 87 neuron 0
113 10 136 10 136 46 113 46 neuron 0
127 12 152 12 152 53 127 53 neuron 0