17 504 41 504 41 539 17 539 neuron 0
13 521 33 521 33 555 13 555 neuron 0
34 504 57 504 57 545 34 545 neuron 0
21 487 47 487 47 519 21 519 neuron 0
23 525 48 525 48 560 23 560 neuron 0
30 336 57 336 57 376 30 376 neuron 0
57 243 78 243 78 284 57 284 neuron 0
72 241 94 241 94 280 72 280 neuron 0
46 196 69 196 69 229 46 229 neuron 0
31 199 54 199 54 232 31 232 neuron 0
375 556 402 556 402 593 375 593 neuron 0
425 542 444 542 444 578 425 578 neuron 0
410 559 434 559 434 592 410 592 neuron 0
448 483 474 483 474 517 448 517 neuron 0
466 479 487 479 487 513 466 513 neuron 0
437 452 462 452 462 481 437 481 neuron 0
453 460 479 460 479 497 453 497 neuron 0
387 395 408 395 408 433 387 433 neuron 0
372 372 396 372 396 411 372 411 neuron 0
422 385 449 385 449 420 422 420 neuron 0
456 400 481 400 481 436 456 436 neuron 0
479 476 505 476 505 509 479 509 neuron 0
502 481 526 481 526 516 502 516 neuron 0
507 464 534 464 534 499 507 499 neuron 0
517 444 540 444 540 479 517 479 neuron 0
615 498 640 498 640 538 615 538 neuron 0
517 491 541 491 541 529 517 529 neuron 0
463 319 489 319 489 353 463 353 neuron 0
467 341 490 341 490 375 467 375 neuron 0
480 291 505 291 505 329 480 329 neuron 0
506 278 532 278 532 318 506 318 neuron 0
500 263 522 263 522 296 500 296 neuron 0
516 263 539 263 539 299 516 299 neuron 0
569 279 593 279 593 313 569 313 neuron 0
559 317 583 317 583 355 559 355 neuron 0
563 341 587 341 587 379 563 379 neuron 0
539 348 562 348 562 385 539 385 neuron 0
551 337 572 337 572 376 551 376 neuron 0
385 284 408 284 408 321 385 321 neuron 0
395 269 417 269 417 303 395 303 neuron 0
382 263 405 263 405 296 382 296 neuron 0
383 236 410 236 410 275 383 275 neuron 0
329 251 359 251 359 284 329 284 neuron 0
429 96 452 96 452 132 429 132 neuron 0
386 208 414 208 414 247 386 247 neuron 0
580 157 605 157 605 199 580 199 neuron 0
587 216 611 216 611 253 587 253 neuron 0
591 237 618 237 618 271 591 271 neuron 0
597 23 625 23 625 59 597 59 neuron 0
355 35 376 35 376 75 355 75 neuron 0
345 57 369 57 369 92 345 92 neuron 0
343 79 366 79 366 113 343 113 neuron 0
355 112 378 112 378 153 355 153 neuron 0
360 67 383 67 383 108 360 108 neuron 0
191 195 217 195 217 229 191 229 neuron 0
211 210 237 210 237 242 211 242 neuron 0
98 179 123 179 123 213 98 213 neuron 0
117 193 140 193 140 227 117 227 neuron 0
129 184 154 184 154 220 129 220 neuron 0
137 165 163 165 163 204 137 204 neuron 0
113 153 136 153 136 191 113 191 neuron 0
100 143 124 143 124 180 100 180 neuron 0
33 172 60 172 60 208 33 208 neuron 0
47 159 74 159 74 191 47 191 neuron 0
58 44 83 44 83 87 58 87 neuron 0
81 74 106 74 106 114 81 114 neuron 0
112 7 135 7 135 44 112 44 neuron 0
127 11 150 11 150 49 127 49 neuron 0
53 177 78 177 78 215 53 215 neuron 0
364 460 387 460 387 499 364 499 neuron 0
418 448 443 448 443 485 418 485 neuron 0
256 135 278 135 278 169 256 169 neuron 0