116 599 142 599 142 633 116 633 neuron 0
119 573 146 573 146 611 119 611 neuron 0
122 548 147 548 147 585 122 585 neuron 0
130 481 154 481 154 516 130 516 neuron 0
130 506 154 506 154 542 130 542 neuron 0
86 484 113 484 113 519 86 519 neuron 0
82 436 109 436 109 475 82 475 neuron 0
97 423 122 423 122 465 97 465 neuron 0
68 280 94 280 94 321 68 321 neuron 0
38 217 64 217 64 252 38 252 neuron 0
38 196 64 196 64 231 38 231 neuron 0
52 223 76 223 76 268 52 268 neuron 0
110 383 138 383 138 421 110 421 neuron 0
92 383 117 383 117 419 92 419 neuron 0
100 404 124 404 124 435 100 435 neuron 0
113 433 131 433 131 468 113 468 neuron 0
95 452 121 452 121 480 95 480 neuron 0
85 464 108 464 108 495 85 495 neuron 0
157 364 182 364 182 399 157 399 neuron 0
146 351 172 351 172 387 146 387 neuron 0
200 347 225 347 225 387 200 387 neuron 0
176 319 199 319 199 355 176 355 neuron 0
178 285 202 285 202 324 178 324 neuron 0
295 546 321 546 321 586 295 586 neuron 0
328 488 354 488 354 527 328 527 neuron 0
324 545 343 545 343 583 324 583 neuron 0
335 549 359 549 359 591 335 591 neuron 0
282 402 308 402 308 434 282 434 neuron 0
292 369 316 369 316 408 292 408 neuron 0
278 360 303 360 303 393 278 393 neuron 0
250 368 275 368 275 404 250 404 neuron 0
241 354 265 354 265 386 241 386 neuron 0
264 316 291 316 291 351 264 351 neuron 0
302 276 326 276 326 309 302 309 neuron 0
240 250 265 250 265 286 240 286 neuron 0
252 231 273 231 273 265 252 265 neuron 0
244 215 267 215 267 247 244 247 neuron 0
310 435 336 435 336 476 310 476 neuron 0
356 554 380 554 380 594 356 594 neuron 0
368 590 395 590 395 626 368 626 neuron 0
563 524 588 524 588 560 563 560 neuron 0
618 543 640 543 640 585 618 585 neuron 0
565 498 591 498 591 534 565 534 neuron 0
561 468 587 468 587 497 561 497 neuron 0
550 424 574 424 574 463 550 463 neuron 0
566 432 592 432 592 468 566 468 neuron 0
560 452 582 452 582 479 560 479 neuron 0
470 446 496 446 496 482 470 482 neuron 0
469 469 493 469 493 500 469 500 neuron 0
540 400 563 400 563 435 540 435 neuron 0
516 367 542 367 542 400 516 400 neuron 0
534 321 556 321 556 360 534 360 neuron 0
513 319 538 319 538 359 513 359 neuron 0
498 323 522 323 522 357 498 357 neuron 0
483 319 507 319 507 356 483 356 neuron 0
501 257 523 257 523 296 501 296 neuron 0
449 260 474 260 474 303 449 303 neuron 0
434 347 460 347 460 384 434 384 neuron 0
368 407 391 407 391 447 368 447 neuron 0
382 409 402 409 402 444 382 444 neuron 0
381 383 402 383 402 420 381 420 neuron 0
394 388 417 388 417 427 394 427 neuron 0
393 415 415 415 415 444 393 444 neuron 0
392 370 414 370 414 402 392 402 neuron 0
380 366 403 366 403 394 380 394 neuron 0
364 362 388 362 388 394 364 394 neuron 0
450 183 473 183 473 225 450 225 neuron 0
408 179 433 179 433 215 408 215 neuron 0
413 156 439 156 439 191 413 191 neuron 0
431 138 455 138 455 178 431 178 neuron 0
399 63 422 63 422 105 399 105 neuron 0
391 74 414 74 414 118 391 118 neuron 0
483 75 505 75 505 111 483 111 neuron 0
493 92 515 92 515 128 493 128 neuron 0
504 69 530 69 530 103 504 103 neuron 0
507 88 533 88 533 127 507 127 neuron 0
506 114 529 114 529 146 506 146 neuron 0
549 166 575 166 575 202 549 202 neuron 0
557 35 581 35 581 71 557 71 neuron 0
399 27 421 27 421 63 399 63 neuron 0
407 41 431 41 431 76 407 76 neuron 0
373 18 396 18 396 50 373 50 neuron 0
387 27 407 27 407 60 387 60 neuron 0
385 3 407 3 407 37 385 37 neuron 0
238 169 261 169 261 204 238 204 neuron 0
245 137 270 137 270 172 245 172 neuron 0
259 143 282 143 282 183 259 183 neuron 0
294 93 316 93 316 139 294 139 neuron 0
191 107 215 107 215 145 191 145 neuron 0
193 133 214 133 214 171 193 171 neuron 0
132 103 155 103 155 140 132 140 neuron 0
74 24 99 24 99 65 74 65 neuron 0
95 34 120 34 120 70 95 70 neuron 0
12 145 36 145 36 180 12 180 neuron 0
38 148 62 148 62 193 38 193 neuron 0
18 116 44 116 44 156 18 156 neuron 0
12 84 36 84 36 125 12 125 neuron 0