36 558 60 558 60 598 36 598 neuron 0
49 560 74 560 74 597 49 597 neuron 0
97 504 121 504 121 541 97 541 neuron 0
95 465 120 465 120 504 95 504 neuron 0
104 444 126 444 126 481 104 481 neuron 0
82 439 104 439 104 471 82 471 neuron 0
72 416 98 416 98 453 72 453 neuron 0
97 402 120 402 120 446 97 446 neuron 0
128 466 154 466 154 498 128 498 neuron 0
152 444 176 444 176 483 152 483 neuron 0
156 416 177 416 177 453 156 453 neuron 0
168 403 192 403 192 439 168 439 neuron 0
167 428 192 428 192 461 167 461 neuron 0
172 368 194 368 194 404 172 404 neuron 0
134 358 160 358 160 394 134 394 neuron 0
196 372 220 372 220 408 196 408 neuron 0
193 352 216 352 216 385 193 385 neuron 0
30 272 57 272 57 307 30 307 neuron 0
42 256 67 256 67 291 42 291 neuron 0
62 283 90 283 90 321 62 321 neuron 0
71 265 93 265 93 303 71 303 neuron 0
88 277 115 277 115 315 88 315 neuron 0
18 196 42 196 42 231 18 231 neuron 0
130 228 154 228 154 267 130 267 neuron 0
242 243 266 243 266 276 242 276 neuron 0
282 425 310 425 310 463 282 463 neuron 0
286 486 310 486 310 522 286 522 neuron 0
287 509 312 509 312 544 287 544 neuron 0
302 515 326 515 326 553 302 553 neuron 0
307 540 329 540 329 573 307 573 neuron 0
246 605 272 605 272 639 246 639 neuron 0
330 403 354 403 354 444 330 444 neuron 0
366 339 390 339 390 372 366 372 neuron 0
391 304 413 304 413 339 391 339 neuron 0
407 438 430 438 430 478 407 478 neuron 0
449 506 474 506 474 538 449 538 neuron 0
501 531 526 531 526 561 501 561 neuron 0
488 527 510 527 510 569 488 569 neuron 0
619 539 640 539 640 572 619 572 neuron 0
613 516 632 516 632 552 613 552 neuron 0
550 456 574 456 574 488 550 488 neuron 0
533 445 558 445 558 479 533 479 neuron 0
540 430 566 430 566 462 540 462 neuron 0
498 392 521 392 521 423 498 423 neuron 0
508 409 529 409 529 443 508 443 neuron 0
540 285 565 285 565 327 540 327 neuron 0
492 266 515 266 515 306 492 306 neuron 0
416 288 438 288 438 327 416 327 neuron 0
426 256 450 256 450 292 426 292 neuron 0
365 199 395 199 395 235 365 235 neuron 0
383 195 410 195 410 228 383 228 neuron 0
512 184 537 184 537 217 512 217 neuron 0
442 221 467 221 467 255 442 255 neuron 0
476 228 499 228 499 265 476 265 neuron 0
502 0 528 0 528 37 502 37 neuron 0
573 18 600 18 600 54 573 54 neuron 0
618 84 640 84 640 119 618 119 neuron 0
572 76 597 76 597 111 572 111 neuron 0
563 101 587 101 587 139 563 139 neuron 0
562 134 589 134 589 166 562 166 neuron 0
580 130 604 130 604 166 580 166 neuron 0
291 182 318 182 318 218 291 218 neuron 0
224 23 250 23 250 61 224 61 neuron 0
85 184 106 184 106 221 85 221 neuron 0
72 179 95 179 95 219 72 219 neuron 0
70 117 96 117 96 152 70 152 neuron 0
74 91 99 91 99 128 74 128 neuron 0
76 68 97 68 97 101 76 101 neuron 0
88 59 109 59 109 95 88 95 neuron 0
99 49 124 49 124 88 99 88 neuron 0
105 10 130 10 130 46 105 46 neuron 0
157 219 180 219 180 256 157 256 neuron 0
168 233 191 233 191 268 168 268 neuron 0
115 412 140 412 140 445 115 445 neuron 0
120 427 150 427 150 464 120 464 neuron 0
440 155 463 155 463 191 440 191 neuron 0
450 136 474 136 474 171 450 171 neuron 0
466 164 491 164 491 204 466 204 neuron 0
448 177 471 177 471 212 448 212 neuron 0
473 206 497 206 497 242 473 242 neuron 0