24 309 49 309 49 339 24 339 neuron 0
24 287 49 287 49 321 24 321 neuron 0
11 296 33 296 33 329 11 329 neuron 0
5 276 30 276 30 311 5 311 neuron 0
5 187 30 187 30 228 5 228 neuron 0
113 337 140 337 140 376 113 376 neuron 0
122 320 147 320 147 356 122 356 neuron 0
143 379 171 379 171 413 143 413 neuron 0
169 401 192 401 192 440 169 440 neuron 0
169 368 194 368 194 403 169 403 neuron 0
180 392 199 392 199 427 180 427 neuron 0
177 413 201 413 201 451 177 451 neuron 0
187 432 210 432 210 465 187 465 neuron 0
205 459 230 459 230 497 205 497 neuron 0
203 481 227 481 227 515 203 515 neuron 0
258 523 282 523 282 559 258 559 neuron 0
259 547 282 547 282 583 259 583 neuron 0
328 532 354 532 354 571 328 571 neuron 0
193 350 217 350 217 390 193 390 neuron 0
145 343 171 343 171 377 145 377 neuron 0
142 322 165 322 165 354 142 354 neuron 0
157 353 183 353 183 392 157 392 neuron 0
153 399 173 399 173 429 153 429 neuron 0
163 225 185 225 185 263 163 263 neuron 0
210 256 235 256 235 293 210 293 neuron 0
215 282 239 282 239 318 215 318 neuron 0
218 321 240 321 240 356 218 356 neuron 0
225 345 248 345 248 384 225 384 neuron 0
247 332 270 332 270 364 247 364 neuron 0
249 308 274 308 274 345 249 345 neuron 0
262 319 284 319 284 361 262 361 neuron 0
253 272 273 272 273 311 253 311 neuron 0
329 312 354 312 354 351 329 351 neuron 0
358 577 385 577 385 615 358 615 neuron 0
361 603 387 603 387 635 361 635 neuron 0
357 334 383 334 383 374 357 374 neuron 0
378 328 401 328 401 367 378 367 neuron 0
399 323 425 323 425 357 399 357 neuron 0
418 319 443 319 443 356 418 356 neuron 0
437 471 464 471 464 508 437 508 neuron 0
477 529 503 529 503 568 477 568 neuron 0
504 571 529 571 529 607 504 607 neuron 0
521 570 542 570 542 610 521 610 neuron 0
512 599 535 599 535 636 512 636 neuron 0
550 593 573 593 573 628 550 628 neuron 0
322 263 345 263 345 296 322 296 neuron 0
335 275 357 275 357 308 335 308 neuron 0
351 276 376 276 376 311 351 311 neuron 0
365 265 387 265 387 304 365 304 neuron 0
335 242 357 242 357 278 335 278 neuron 0
296 247 319 247 319 283 296 283 neuron 0
309 235 331 235 331 267 309 267 neuron 0
255 222 280 222 280 258 255 258 neuron 0
273 230 298 230 298 266 273 266 neuron 0
260 247 284 247 284 279 260 279 neuron 0
569 371 595 371 595 407 569 407 neuron 0
584 377 608 377 608 412 584 412 neuron 0
570 414 593 414 593 446 570 446 neuron 0
576 432 600 432 600 465 576 465 neuron 0
588 408 612 408 612 443 588 443 neuron 0
602 396 627 396 627 431 602 431 neuron 0
603 420 626 420 626 457 603 457 neuron 0
618 414 639 414 639 454 618 454 neuron 0
617 442 640 442 640 482 617 482 neuron 0
610 459 633 459 633 493 610 493 neuron 0
481 115 505 115 505 149 481 149 neuron 0
495 105 521 105 521 143 495 143 neuron 0
513 107 538 107 538 140 513 140 neuron 0
519 127 545 127 545 157 519 157 neuron 0
569 180 593 180 593 217 569 217 neuron 0
585 179 607 179 607 217 585 217 neuron 0
594 196 618 196 618 233 594 233 neuron 0
610 212 634 212 634 247 610 247 neuron 0
572 96 595 96 595 132 572 132 neuron 0
612 15 632 15 632 57 612 57 neuron 0
433 96 456 96 456 132 433 132 neuron 0
430 57 455 57 455 92 430 92 neuron 0
419 92 442 92 442 131 419 131 neuron 0
376 42 403 42 403 82 376 82 neuron 0
412 123 436 123 436 161 412 161 neuron 0
391 141 414 141 414 176 391 176 neuron 0
405 146 425 146 425 178 405 178 neuron 0
393 163 418 163 418 193 393 193 neuron 0
382 102 407 102 407 138 382 138 neuron 0
360 115 380 115 380 148 360 148 neuron 0
358 160 378 160 378 196 358 196 neuron 0
370 192 396 192 396 232 370 232 neuron 0
355 200 378 200 378 239 355 239 neuron 0
351 44 376 44 376 79 351 79 neuron 0
339 20 364 20 364 67 339 67 neuron 0
281 133 307 133 307 176 281 176 neuron 0
237 180 259 180 259 215 237 215 neuron 0
253 199 281 199 281 233 253 233 neuron 0
235 72 259 72 259 111 235 111 neuron 0
182 181 207 181 207 219 182 219 neuron 0
170 162 193 162 193 198 170 198 neuron 0
7 125 34 125 34 168 7 168 neuron 0