18 588 43 588 43 625 18 625 neuron 0
30 572 54 572 54 609 30 609 neuron 0
43 582 67 582 67 622 43 622 neuron 0
74 596 99 596 99 632 74 632 neuron 0
86 580 112 580 112 617 86 617 neuron 0
21 484 44 484 44 521 21 521 neuron 0
66 503 89 503 89 539 66 539 neuron 0
95 539 122 539 122 573 95 573 neuron 0
28 404 53 404 53 439 28 439 neuron 0
27 377 54 377 54 416 27 416 neuron 0
26 328 52 328 52 368 26 368 neuron 0
89 388 112 388 112 425 89 425 neuron 0
81 408 106 408 106 443 81 443 neuron 0
91 340 114 340 114 381 91 381 neuron 0
78 316 100 316 100 355 78 355 neuron 0
91 314 114 314 114 346 91 346 neuron 0
100 300 122 300 122 340 100 340 neuron 0
103 328 126 328 126 365 103 365 neuron 0
147 436 174 436 174 473 147 473 neuron 0
77 252 101 252 101 288 77 288 neuron 0
105 246 131 246 131 290 105 290 neuron 0
176 579 200 579 200 616 176 616 neuron 0
221 553 244 553 244 591 221 591 neuron 0
218 540 242 540 242 568 218 568 neuron 0
217 516 243 516 243 551 217 551 neuron 0
238 488 264 488 264 524 238 524 neuron 0
258 464 282 464 282 499 258 499 neuron 0
280 470 303 470 303 506 280 506 neuron 0
276 495 299 495 299 528 276 528 neuron 0
263 504 284 504 284 543 263 543 neuron 0
280 521 306 521 306 560 280 560 neuron 0
234 385 260 385 260 428 234 428 neuron 0
233 327 261 327 261 365 233 365 neuron 0
168 343 194 343 194 383 168 383 neuron 0
86 368 112 368 112 400 86 400 neuron 0
77 384 98 384 98 419 77 419 neuron 0
66 386 87 386 87 426 66 426 neuron 0
37 186 65 186 65 226 37 226 neuron 0
351 423 374 423 374 461 351 461 neuron 0
344 337 367 337 367 372 344 372 neuron 0
358 332 381 332 381 367 358 367 neuron 0
371 333 400 333 400 372 371 372 neuron 0
379 356 406 356 406 392 379 392 neuron 0
402 313 428 313 428 344 402 344 neuron 0
409 296 436 296 436 335 409 335 neuron 0
415 263 443 263 443 300 415 300 neuron 0
429 272 454 272 454 307 429 307 neuron 0
451 247 478 247 478 283 451 283 neuron 0
532 195 555 195 555 229 532 229 neuron 0
535 223 560 223 560 260 535 260 neuron 0
532 247 558 247 558 284 532 284 neuron 0
540 264 565 264 565 303 540 303 neuron 0
570 271 595 271 595 305 570 305 neuron 0
570 292 594 292 594 324 570 324 neuron 0
598 314 621 314 621 350 598 350 neuron 0
618 260 640 260 640 299 618 299 neuron 0
579 471 608 471 608 515 579 515 neuron 0
611 464 634 464 634 504 611 504 neuron 0
397 201 422 201 422 240 397 240 neuron 0
391 183 414 183 414 220 391 220 neuron 0
368 184 393 184 393 225 368 225 neuron 0
348 372 372 372 372 405 348 405 neuron 0
567 477 592 477 592 515 567 515 neuron 0
383 301 409 301 409 339 383 339 neuron 0
372 384 396 384 396 415 372 415 neuron 0
366 391 387 391 387 423 366 423 neuron 0
402 104 427 104 427 143 402 143 neuron 0
429 51 453 51 453 84 429 84 neuron 0
440 36 467 36 467 73 440 73 neuron 0
451 21 474 21 474 56 451 56 neuron 0
503 74 529 74 529 110 503 110 neuron 0
533 59 556 59 556 97 533 97 neuron 0
313 227 338 227 338 265 313 265 neuron 0
349 99 376 99 376 139 349 139 neuron 0
343 77 370 77 370 112 343 112 neuron 0
332 92 357 92 357 125 332 125 neuron 0
301 103 331 103 331 137 301 137 neuron 0
262 13 289 13 289 51 262 51 neuron 0
222 75 255 75 255 113 222 113 neuron 0
251 189 278 189 278 223 251 223 neuron 0
235 172 260 172 260 208 235 208 neuron 0
221 183 244 183 244 219 221 219 neuron 0
194 215 218 215 218 249 194 249 neuron 0
196 190 220 190 220 226 196 226 neuron 0
184 119 210 119 210 156 184 156 neuron 0
192 140 212 140 212 179 192 179 neuron 0
121 141 150 141 150 179 121 179 neuron 0
87 176 113 176 113 213 87 213 neuron 0
231 195 258 195 258 228 231 228 neuron 0
567 366 595 366 595 406 567 406 neuron 0
12 101 39 101 39 135 12 135 neuron 0
42 120 68 120 68 161 42 161 neuron 0
36 143 58 143 58 177 36 177 neuron 0
56 135 82 135 82 175 56 175 neuron 0