5 446 27 446 27 486 5 486 neuron 0
56 357 83 357 83 395 56 395 neuron 0
77 331 103 331 103 369 77 369 neuron 0
69 316 100 316 100 352 69 352 neuron 0
94 327 117 327 117 365 94 365 neuron 0
135 324 160 324 160 365 135 365 neuron 0
140 308 167 308 167 351 140 351 neuron 0
175 423 199 423 199 469 175 469 neuron 0
187 443 209 443 209 484 187 484 neuron 0
190 492 216 492 216 531 190 531 neuron 0
173 503 202 503 202 547 173 547 neuron 0
111 240 138 240 138 283 111 283 neuron 0
128 236 151 236 151 276 128 276 neuron 0
165 224 192 224 192 261 165 261 neuron 0
171 208 198 208 198 245 171 245 neuron 0
201 204 229 204 229 239 201 239 neuron 0
238 226 268 226 268 266 238 266 neuron 0
205 319 235 319 235 355 205 355 neuron 0
292 391 317 391 317 427 292 427 neuron 0
297 303 324 303 324 344 297 344 neuron 0
300 576 325 576 325 613 300 613 neuron 0
298 548 329 548 329 587 298 587 neuron 0
287 567 308 567 308 607 287 607 neuron 0
219 551 248 551 248 588 219 588 neuron 0
229 570 253 570 253 606 229 606 neuron 0
241 567 263 567 263 609 241 609 neuron 0
241 524 264 524 264 563 241 563 neuron 0
256 524 279 524 279 561 256 561 neuron 0
270 525 291 525 291 560 270 560 neuron 0
281 524 305 524 305 553 281 553 neuron 0
297 513 321 513 321 547 297 547 neuron 0
293 491 319 491 319 523 293 523 neuron 0
256 488 281 488 281 520 256 520 neuron 0
264 469 288 469 288 504 264 504 neuron 0
277 461 298 461 298 496 277 496 neuron 0
258 508 281 508 281 539 258 539 neuron 0
353 403 378 403 378 443 353 443 neuron 0
371 293 392 293 392 331 371 331 neuron 0
386 307 412 307 412 344 386 344 neuron 0
384 288 410 288 410 323 384 323 neuron 0
408 291 435 291 435 325 408 325 neuron 0
400 315 429 315 429 352 400 352 neuron 0
456 286 478 286 478 322 456 322 neuron 0
444 255 473 255 473 292 444 292 neuron 0
480 235 502 235 502 271 480 271 neuron 0
494 232 516 232 516 268 494 268 neuron 0
486 287 510 287 510 321 486 321 neuron 0
492 304 517 304 517 340 492 340 neuron 0
495 393 519 393 519 435 495 435 neuron 0
516 444 540 444 540 480 516 480 neuron 0
409 540 435 540 435 577 409 577 neuron 0
457 516 481 516 481 552 457 552 neuron 0
464 543 492 543 492 576 464 576 neuron 0
453 559 480 559 480 589 453 589 neuron 0
460 575 485 575 485 611 460 611 neuron 0
480 575 504 575 504 615 480 615 neuron 0
581 601 609 601 609 640 581 640 neuron 0
576 544 600 544 600 584 576 584 neuron 0
582 568 605 568 605 608 582 608 neuron 0
586 281 613 281 613 320 586 320 neuron 0
621 323 640 323 640 360 621 360 neuron 0
612 237 638 237 638 276 612 276 neuron 0
563 185 586 185 586 224 563 224 neuron 0
381 327 410 327 410 359 381 359 neuron 0
387 347 411 347 411 379 387 379 neuron 0
584 170 607 170 607 214 584 214 neuron 0
597 151 619 151 619 189 597 189 neuron 0
583 105 608 105 608 144 583 144 neuron 0
610 192 635 192 635 233 610 233 neuron 0
528 32 552 32 552 69 528 69 neuron 0
538 4 561 4 561 43 538 43 neuron 0
458 9 483 9 483 43 458 43 neuron 0
441 39 469 39 469 76 441 76 neuron 0
449 115 472 115 472 152 449 152 neuron 0
436 137 466 137 466 175 436 175 neuron 0
225 122 252 122 252 158 225 158 neuron 0
258 162 283 162 283 206 258 206 neuron 0
298 95 325 95 325 129 298 129 neuron 0
364 25 387 25 387 64 364 64 neuron 0
375 76 400 76 400 116 375 116 neuron 0
110 167 139 167 139 204 110 204 neuron 0
117 145 142 145 142 180 117 180 neuron 0
125 123 146 123 146 161 125 161 neuron 0
86 144 112 144 112 181 86 181 neuron 0
167 112 190 112 190 153 167 153 neuron 0
155 93 178 93 178 135 155 135 neuron 0
145 91 166 91 166 132 145 132 neuron 0
133 70 160 70 160 110 133 110 neuron 0
125 24 148 24 148 67 125 67 neuron 0
113 8 138 8 138 43 113 43 neuron 0