7 501 31 501 31 540 7 540 neuron 0
33 481 59 481 59 515 33 515 neuron 0
45 503 69 503 69 541 45 541 neuron 0
36 521 61 521 61 555 36 555 neuron 0
32 502 54 502 54 534 32 534 neuron 0
23 515 47 515 47 548 23 548 neuron 0
47 333 72 333 72 372 47 372 neuron 0
75 243 99 243 99 280 75 280 neuron 0
54 194 77 194 77 230 54 230 neuron 0
77 208 102 208 102 243 77 243 neuron 0
101 205 124 205 124 240 101 240 neuron 0
111 204 135 204 135 249 111 249 neuron 0
111 237 133 237 133 276 111 276 neuron 0
90 220 114 220 114 255 90 255 neuron 0
92 243 115 243 115 275 92 275 neuron 0
91 194 114 194 114 230 91 230 neuron 0
137 195 162 195 162 229 137 229 neuron 0
353 267 380 267 380 299 353 299 neuron 0
403 304 426 304 426 337 403 337 neuron 0
414 288 436 288 436 323 414 323 neuron 0
400 278 424 278 424 314 400 314 neuron 0
403 252 429 252 429 289 403 289 neuron 0
409 231 434 231 434 265 409 265 neuron 0
359 359 390 359 390 404 359 404 neuron 0
380 372 401 372 401 408 380 408 neuron 0
387 390 411 390 411 426 387 426 neuron 0
403 411 424 411 424 449 403 449 neuron 0
437 405 463 405 463 439 437 439 neuron 0
470 422 494 422 494 458 470 458 neuron 0
476 394 502 394 502 430 476 430 neuron 0
491 378 514 378 514 418 491 418 neuron 0
485 363 509 363 509 396 485 396 neuron 0
481 339 507 339 507 375 481 375 neuron 0
497 312 524 312 524 353 497 353 neuron 0
513 307 534 307 534 340 513 340 neuron 0
527 303 550 303 550 343 527 343 neuron 0
536 291 558 291 558 321 536 321 neuron 0
523 289 543 289 543 323 523 323 neuron 0
589 310 613 310 613 346 589 346 neuron 0
577 351 601 351 601 383 577 383 neuron 0
556 374 582 374 582 414 556 414 neuron 0
581 374 605 374 605 410 581 410 neuron 0
531 470 554 470 554 506 531 506 neuron 0
522 492 546 492 546 524 522 524 neuron 0
517 508 541 508 541 541 517 541 neuron 0
530 518 556 518 556 554 530 554 neuron 0
495 499 519 499 519 536 495 536 neuron 0
505 516 526 516 526 549 505 549 neuron 0
389 573 416 573 416 612 389 612 neuron 0
423 575 446 575 446 612 423 612 neuron 0
436 560 457 560 457 600 436 600 neuron 0
422 549 446 549 446 588 422 588 neuron 0
413 565 434 565 434 599 413 599 neuron 0
434 536 456 536 456 571 434 571 neuron 0
435 491 460 491 460 525 435 525 neuron 0
446 516 471 516 471 549 446 549 neuron 0
455 489 475 489 475 524 455 524 neuron 0
454 471 478 471 478 501 454 501 neuron 0
461 507 487 507 487 540 461 540 neuron 0
479 502 503 502 503 538 479 538 neuron 0
497 483 524 483 524 512 497 512 neuron 0
393 486 418 486 418 518 393 518 neuron 0
379 512 401 512 401 556 379 556 neuron 0
385 458 408 458 408 494 385 494 neuron 0
379 477 401 477 401 511 379 511 neuron 0
453 116 474 116 474 153 453 153 neuron 0
544 14 569 14 569 58 544 58 neuron 0
604 187 628 187 628 231 604 231 neuron 0
592 267 618 267 618 304 592 304 neuron 0
609 250 633 250 633 286 609 286 neuron 0
614 272 637 272 637 305 614 305 neuron 0
213 202 240 202 240 242 213 242 neuron 0
234 216 257 216 257 251 234 251 neuron 0
278 268 303 268 303 303 278 303 neuron 0
285 249 307 249 307 283 285 283 neuron 0
259 273 285 273 285 304 259 304 neuron 0
265 257 289 257 289 292 265 292 neuron 0
379 133 402 133 402 168 379 168 neuron 0
370 108 400 108 400 149 370 149 neuron 0
381 83 407 83 407 128 381 128 neuron 0
379 47 400 47 400 87 379 87 neuron 0
367 96 389 96 389 125 367 125 neuron 0
368 74 393 74 393 110 368 110 neuron 0
81 39 108 39 108 77 81 77 neuron 0
107 76 130 76 130 115 107 115 neuron 0
140 11 162 11 162 44 140 44 neuron 0
153 13 177 13 177 51 153 51 neuron 0
57 168 82 168 82 208 57 208 neuron 0
70 156 96 156 96 191 70 191 neuron 0
73 177 99 177 99 211 73 211 neuron 0
68 193 90 193 90 228 68 228 neuron 0
91 163 116 163 116 200 91 200 neuron 0
120 182 146 182 146 218 120 218 neuron 0
121 146 148 146 148 186 121 186 neuron 0
137 154 158 154 158 194 137 194 neuron 0
149 155 171 155 171 199 149 199 neuron 0
158 168 185 168 185 208 158 208 neuron 0
150 185 176 185 176 220 150 220 neuron 0