65 513 89 513 89 551 65 551 neuron 0
14 225 37 225 37 264 14 264 neuron 0
52 238 78 238 78 278 52 278 neuron 0
155 561 182 561 182 600 155 600 neuron 0
175 540 201 540 201 576 175 576 neuron 0
210 503 234 503 234 539 210 539 neuron 0
259 513 280 513 280 551 259 551 neuron 0
214 528 236 528 236 565 214 565 neuron 0
207 475 232 475 232 512 207 512 neuron 0
219 463 245 463 245 501 219 501 neuron 0
204 450 230 450 230 486 204 486 neuron 0
176 420 202 420 202 460 176 460 neuron 0
209 392 232 392 232 427 209 427 neuron 0
209 415 232 415 232 449 209 449 neuron 0
175 291 198 291 198 332 175 332 neuron 0
163 286 184 286 184 326 163 326 neuron 0
148 217 178 217 178 256 148 256 neuron 0
143 196 167 196 167 229 143 229 neuron 0
127 199 152 199 152 239 127 239 neuron 0
257 553 284 553 284 588 257 588 neuron 0
356 504 378 504 378 544 356 544 neuron 0
350 481 371 481 371 523 350 523 neuron 0
364 436 387 436 387 480 364 480 neuron 0
354 420 377 420 377 456 354 456 neuron 0
360 404 383 404 383 443 360 443 neuron 0
386 337 413 337 413 375 386 375 neuron 0
411 429 436 429 436 464 411 464 neuron 0
412 309 438 309 438 344 412 344 neuron 0
564 473 589 473 589 512 564 512 neuron 0
564 604 591 604 591 640 564 640 neuron 0
601 359 631 359 631 397 601 397 neuron 0
427 192 453 192 453 231 427 231 neuron 0
443 198 466 198 466 234 443 234 neuron 0
386 104 412 104 412 148 386 148 neuron 0
532 171 555 171 555 217 532 217 neuron 0
567 32 592 32 592 69 567 69 neuron 0
613 184 639 184 639 216 613 216 neuron 0
613 158 639 158 639 194 613 194 neuron 0
601 162 624 162 624 202 601 202 neuron 0
597 109 621 109 621 152 597 152 neuron 0
610 91 633 91 633 132 610 132 neuron 0
617 113 639 113 639 155 617 155 neuron 0
569 112 592 112 592 148 569 148 neuron 0
122 176 151 176 151 209 122 209 neuron 0
73 179 97 179 97 215 73 215 neuron 0
217 24 244 24 244 60 217 60 neuron 0
321 15 350 15 350 52 321 52 neuron 0