58 448 85 448 85 484 58 484 neuron 0
9 251 34 251 34 288 9 288 neuron 0
15 276 36 276 36 305 15 305 neuron 0
26 263 50 263 50 297 26 297 neuron 0
28 285 51 285 51 315 28 315 neuron 0
63 261 88 261 88 303 63 303 neuron 0
118 318 147 318 147 354 118 354 neuron 0
126 299 150 299 150 333 126 333 neuron 0
157 392 185 392 185 432 157 432 neuron 0
165 356 192 356 192 388 165 388 neuron 0
157 369 180 369 180 403 157 403 neuron 0
178 344 200 344 200 377 178 377 neuron 0
189 409 216 409 216 444 189 444 neuron 0
199 328 222 328 222 364 199 364 neuron 0
165 200 191 200 191 240 165 240 neuron 0
216 235 240 235 240 272 216 272 neuron 0
218 260 243 260 243 292 218 292 neuron 0
230 326 253 326 253 358 230 358 neuron 0
256 283 278 283 278 317 256 317 neuron 0
254 250 279 250 279 290 254 290 neuron 0
248 305 274 305 274 340 248 340 neuron 0
266 293 290 293 290 331 266 331 neuron 0
279 271 303 271 303 309 279 309 neuron 0
333 290 358 290 358 326 333 326 neuron 0
209 435 235 435 235 473 209 473 neuron 0
205 456 229 456 229 489 205 489 neuron 0
260 499 283 499 283 536 260 536 neuron 0
258 520 281 520 281 557 258 557 neuron 0
331 508 357 508 357 547 331 547 neuron 0
363 575 390 575 390 609 363 609 neuron 0
362 552 386 552 386 587 362 587 neuron 0
440 449 468 449 468 487 440 487 neuron 0
476 509 506 509 506 552 476 552 neuron 0
522 552 542 552 542 589 522 589 neuron 0
500 531 525 531 525 573 500 573 neuron 0
514 575 539 575 539 616 514 616 neuron 0
521 602 544 602 544 640 521 640 neuron 0
508 552 531 552 531 587 508 587 neuron 0
561 595 585 595 585 635 561 635 neuron 0
360 303 386 303 386 347 360 347 neuron 0
381 303 406 303 406 339 381 339 neuron 0
404 300 430 300 430 335 404 335 neuron 0
422 300 447 300 447 336 422 336 neuron 0
366 243 389 243 389 283 366 283 neuron 0
356 251 375 251 375 288 356 288 neuron 0
336 253 358 253 358 284 336 284 neuron 0
324 236 346 236 346 272 324 272 neuron 0
572 392 596 392 596 424 572 424 neuron 0
579 411 603 411 603 444 579 444 neuron 0
593 387 617 387 617 421 593 421 neuron 0
605 371 630 371 630 405 605 405 neuron 0
607 396 631 396 631 432 607 432 neuron 0
588 352 613 352 613 391 588 391 neuron 0
576 348 597 348 597 387 576 387 neuron 0
358 22 381 22 381 58 358 58 neuron 0
384 15 406 15 406 53 384 53 neuron 0
436 36 459 36 459 73 436 73 neuron 0
359 179 382 179 382 216 359 216 neuron 0
359 136 382 136 382 175 359 175 neuron 0
374 172 397 172 397 207 374 207 neuron 0
362 94 385 94 385 130 362 130 neuron 0
394 121 417 121 417 160 394 160 neuron 0
396 139 421 139 421 173 396 173 neuron 0
408 119 430 119 430 155 408 155 neuron 0
416 103 440 103 440 139 416 139 neuron 0
426 71 451 71 451 109 426 109 neuron 0
441 76 463 76 463 111 441 111 neuron 0
486 93 511 93 511 128 486 128 neuron 0
519 83 545 83 545 116 519 116 neuron 0
515 101 543 101 543 135 515 135 neuron 0
578 76 602 76 602 115 578 115 neuron 0
558 155 582 155 582 191 558 191 neuron 0
571 166 593 166 593 198 571 198 neuron 0
588 162 612 162 612 198 588 198 neuron 0
598 172 623 172 623 215 598 215 neuron 0
614 192 640 192 640 228 614 228 neuron 0
310 212 333 212 333 247 310 247 neuron 0
300 225 323 225 323 264 300 264 neuron 0
338 220 359 220 359 255 338 255 neuron 0
337 199 359 199 359 231 337 231 neuron 0
276 205 304 205 304 239 276 239 neuron 0
258 199 284 199 284 235 258 235 neuron 0
260 175 286 175 286 211 260 211 neuron 0
240 154 263 154 263 194 240 194 neuron 0
239 59 262 59 262 92 239 92 neuron 0
287 100 312 100 312 145 287 145 neuron 0
184 159 207 159 207 199 184 199 neuron 0
172 143 197 143 197 177 172 177 neuron 0
7 119 28 119 28 156 7 156 neuron 0
6 173 30 173 30 215 6 215 neuron 0
345 0 369 0 369 41 345 41 neuron 0