45 557 71 557 71 596 45 596 neuron 0
34 556 56 556 56 589 34 589 neuron 0
94 501 118 501 118 536 94 536 neuron 0
91 461 117 461 117 500 91 500 neuron 0
82 474 102 474 102 510 82 510 neuron 0
68 411 95 411 95 452 68 452 neuron 0
76 435 101 435 101 471 76 471 neuron 0
102 440 126 440 126 477 102 477 neuron 0
95 391 119 391 119 437 95 437 neuron 0
130 354 156 354 156 390 130 390 neuron 0
126 463 150 463 150 496 126 496 neuron 0
238 604 265 604 265 640 238 640 neuron 0
297 519 322 519 322 555 297 555 neuron 0
302 543 326 543 326 579 302 579 neuron 0
284 511 308 511 308 547 284 547 neuron 0
282 485 307 485 307 523 282 523 neuron 0
281 429 307 429 307 464 281 464 neuron 0
154 444 178 444 178 477 154 477 neuron 0
154 417 177 417 177 451 154 451 neuron 0
167 426 190 426 190 462 167 462 neuron 0
169 403 193 403 193 436 169 436 neuron 0
178 389 200 389 200 420 178 420 neuron 0
173 366 197 366 197 402 173 402 neuron 0
196 370 222 370 222 406 196 406 neuron 0
198 351 221 351 221 381 198 381 neuron 0
29 265 56 265 56 303 29 303 neuron 0
62 284 87 284 87 316 62 316 neuron 0
70 262 92 262 92 298 70 298 neuron 0
87 273 112 273 112 312 87 312 neuron 0
127 228 153 228 153 267 127 267 neuron 0
154 218 180 218 180 250 154 250 neuron 0
166 234 192 234 192 270 166 270 neuron 0
239 243 264 243 264 280 239 280 neuron 0
145 235 172 235 172 271 145 271 neuron 0
289 184 317 184 317 219 289 219 neuron 0
325 408 352 408 352 449 325 449 neuron 0
363 341 389 341 389 379 363 379 neuron 0
389 311 414 311 414 348 389 348 neuron 0
361 201 389 201 389 240 361 240 neuron 0
379 197 405 197 405 232 379 232 neuron 0
413 295 438 295 438 333 413 333 neuron 0
424 259 450 259 450 293 424 293 neuron 0
433 295 458 295 458 331 433 331 neuron 0
402 444 427 444 427 481 402 481 neuron 0
447 510 472 510 472 546 447 546 neuron 0
493 398 519 398 519 430 493 430 neuron 0
500 535 524 535 524 575 500 575 neuron 0
484 537 509 537 509 580 484 580 neuron 0
473 561 500 561 500 596 473 596 neuron 0
476 581 502 581 502 619 476 619 neuron 0
532 452 556 452 556 487 532 487 neuron 0
539 439 562 439 562 472 539 472 neuron 0
547 464 572 464 572 499 547 499 neuron 0
614 549 638 549 638 583 614 583 neuron 0
489 271 514 271 514 315 489 315 neuron 0
537 293 564 293 564 336 537 336 neuron 0
443 225 466 225 466 260 443 260 neuron 0
460 228 485 228 485 268 460 268 neuron 0
476 239 500 239 500 275 476 275 neuron 0
512 191 537 191 537 228 512 228 neuron 0
470 175 495 175 495 211 470 211 neuron 0
574 24 602 24 602 59 574 59 neuron 0
502 7 530 7 530 44 502 44 neuron 0
527 0 552 0 552 39 527 39 neuron 0
18 183 40 183 40 221 18 221 neuron 0
72 175 93 175 93 215 72 215 neuron 0
85 181 106 181 106 216 85 216 neuron 0
68 115 95 115 95 151 68 151 neuron 0
74 84 98 84 98 123 74 123 neuron 0
77 59 99 59 99 93 77 93 neuron 0
90 56 110 56 110 95 90 95 neuron 0
100 44 125 44 125 83 100 83 neuron 0
107 4 131 4 131 43 107 43 neuron 0
228 22 252 22 252 62 228 62 neuron 0