4 451 25 451 25 487 4 487 neuron 0
57 357 81 357 81 395 57 395 neuron 0
69 319 93 319 93 355 69 355 neuron 0
79 333 102 333 102 368 79 368 neuron 0
93 327 118 327 118 365 93 365 neuron 0
113 240 136 240 136 281 113 281 neuron 0
127 237 151 237 151 276 127 276 neuron 0
144 321 169 321 169 356 144 356 neuron 0
133 328 156 328 156 369 133 369 neuron 0
174 424 196 424 196 467 174 467 neuron 0
185 442 208 442 208 486 185 486 neuron 0
191 499 214 499 214 535 191 535 neuron 0
169 509 199 509 199 548 169 548 neuron 0
165 227 190 227 190 263 165 263 neuron 0
173 211 197 211 197 248 173 248 neuron 0
201 206 229 206 229 242 201 242 neuron 0
202 320 230 320 230 353 202 353 neuron 0
218 554 243 554 243 590 218 590 neuron 0
225 572 250 572 250 608 225 608 neuron 0
239 574 259 574 259 614 239 614 neuron 0
239 527 261 527 261 563 239 563 neuron 0
251 536 275 536 275 565 251 565 neuron 0
255 511 278 511 278 547 255 547 neuron 0
263 475 285 475 285 507 263 507 neuron 0
274 487 297 487 297 519 274 519 neuron 0
267 532 290 532 290 564 267 564 neuron 0
280 525 302 525 302 556 280 556 neuron 0
294 516 317 516 317 549 294 549 neuron 0
300 555 326 555 326 591 300 591 neuron 0
284 572 309 572 309 611 284 611 neuron 0
298 580 323 580 323 619 298 619 neuron 0
294 306 322 306 322 346 294 346 neuron 0
291 391 314 391 314 425 291 425 neuron 0
239 227 268 227 268 265 239 265 neuron 0
355 395 382 395 382 435 355 435 neuron 0
368 293 390 293 390 335 368 335 neuron 0
383 305 408 305 408 343 383 343 neuron 0
387 347 412 347 412 379 387 379 neuron 0
382 329 408 329 408 359 382 359 neuron 0
406 296 433 296 433 329 406 329 neuron 0
408 546 435 546 435 582 408 582 neuron 0
455 520 479 520 479 556 455 556 neuron 0
462 547 487 547 487 581 462 581 neuron 0
451 563 478 563 478 596 451 596 neuron 0
459 580 484 580 484 615 459 615 neuron 0
479 577 502 577 502 619 479 619 neuron 0
579 576 603 576 603 616 579 616 neuron 0
573 551 596 551 596 588 573 588 neuron 0
513 452 538 452 538 487 513 487 neuron 0
494 389 518 389 518 432 494 432 neuron 0
443 259 471 259 471 296 443 296 neuron 0
496 237 520 237 520 276 496 276 neuron 0
483 235 506 235 506 273 483 273 neuron 0
453 293 481 293 481 331 453 331 neuron 0
485 293 511 293 511 331 485 331 neuron 0
496 311 519 311 519 344 496 344 neuron 0
583 287 613 287 613 325 583 325 neuron 0
621 331 640 331 640 365 621 365 neuron 0
565 191 590 191 590 225 565 225 neuron 0
581 110 607 110 607 150 581 150 neuron 0
594 153 618 153 618 191 594 191 neuron 0
585 178 608 178 608 218 585 218 neuron 0
609 202 632 202 632 246 609 246 neuron 0
619 225 640 225 640 263 619 263 neuron 0
612 245 638 245 638 280 612 280 neuron 0
526 35 554 35 554 75 526 75 neuron 0
540 9 563 9 563 43 540 43 neuron 0
450 116 474 116 474 155 450 155 neuron 0
441 137 467 137 467 175 441 175 neuron 0
373 79 402 79 402 119 373 119 neuron 0
365 29 390 29 390 67 365 67 neuron 0
298 93 325 93 325 136 298 136 neuron 0
459 16 485 16 485 49 459 49 neuron 0
445 40 470 40 470 81 445 81 neuron 0
248 141 275 141 275 184 248 184 neuron 0
228 123 255 123 255 161 228 161 neuron 0
167 113 192 113 192 155 167 155 neuron 0
122 123 146 123 146 159 122 159 neuron 0
119 147 142 147 142 179 119 179 neuron 0
110 167 135 167 135 204 110 204 neuron 0
78 136 107 136 107 177 78 177 neuron 0
113 7 135 7 135 44 113 44 neuron 0
124 26 149 26 149 66 124 66 neuron 0
133 72 159 72 159 109 133 109 neuron 0
143 89 167 89 167 128 143 128 neuron 0
156 91 181 91 181 131 156 131 neuron 0
276 464 297 464 297 497 276 497 neuron 0
294 492 316 492 316 527 294 527 neuron 0