85 516 113 516 113 553 85 553 neuron 0
174 560 199 560 199 601 174 601 neuron 0
193 545 218 545 218 583 193 583 neuron 0
3 207 28 207 28 241 3 241 neuron 0
22 252 45 252 45 288 22 288 neuron 0
36 228 59 228 59 263 36 263 neuron 0
76 239 98 239 98 277 76 277 neuron 0
148 200 174 200 174 239 148 239 neuron 0
165 197 187 197 187 232 165 232 neuron 0
172 212 199 212 199 255 172 255 neuron 0
186 287 205 287 205 328 186 328 neuron 0
196 293 220 293 220 331 196 331 neuron 0
231 391 254 391 254 427 231 427 neuron 0
217 400 243 400 243 441 217 441 neuron 0
200 420 224 420 224 459 200 459 neuron 0
226 452 251 452 251 489 226 489 neuron 0
232 503 256 503 256 539 232 539 neuron 0
236 531 258 531 258 568 236 568 neuron 0
229 476 254 476 254 513 229 513 neuron 0
378 504 400 504 400 544 378 544 neuron 0
372 483 393 483 393 521 372 521 neuron 0
385 435 408 435 408 479 385 479 neuron 0
383 405 406 405 406 443 383 443 neuron 0
375 420 397 420 397 457 375 457 neuron 0
432 429 458 429 458 467 432 467 neuron 0
412 337 434 337 434 376 412 376 neuron 0
436 309 460 309 460 347 436 347 neuron 0
587 475 612 475 612 513 587 513 neuron 0
451 192 474 192 474 229 451 229 neuron 0
466 196 490 196 490 232 466 232 neuron 0
554 175 576 175 576 215 554 215 neuron 0
406 107 431 107 431 145 406 145 neuron 0
590 32 614 32 614 68 590 68 neuron 0
592 112 615 112 615 149 592 149 neuron 0
619 116 640 116 640 155 619 155 neuron 0
343 16 372 16 372 52 343 52 neuron 0
94 181 120 181 120 215 94 215 neuron 0
145 176 173 176 173 209 145 209 neuron 0
245 461 268 461 268 503 245 503 neuron 0
276 512 303 512 303 553 276 553 neuron 0