63 451 92 451 92 492 63 492 neuron 0
15 253 40 253 40 295 15 295 neuron 0
35 267 60 267 60 305 35 305 neuron 0
35 291 58 291 58 321 35 321 neuron 0
23 276 44 276 44 312 23 312 neuron 0
67 269 96 269 96 308 67 308 neuron 0
19 184 40 184 40 220 19 220 neuron 0
125 324 153 324 153 360 125 360 neuron 0
134 303 157 303 157 341 134 341 neuron 0
158 325 183 325 183 360 158 360 neuron 0
170 335 196 335 196 375 170 375 neuron 0
183 349 207 349 207 384 183 384 neuron 0
164 375 188 375 188 411 164 411 neuron 0
178 384 204 384 204 427 178 427 neuron 0
201 416 224 416 224 449 201 449 neuron 0
191 373 212 373 212 412 191 412 neuron 0
162 398 192 398 192 438 162 438 neuron 0
217 440 242 440 242 480 217 480 neuron 0
215 462 239 462 239 498 215 498 neuron 0
266 504 292 504 292 541 266 541 neuron 0
265 528 292 528 292 563 265 563 neuron 0
204 333 229 333 229 372 204 372 neuron 0
171 208 198 208 198 247 171 247 neuron 0
223 243 249 243 249 276 223 276 neuron 0
226 266 251 266 251 302 226 302 neuron 0
262 255 284 255 284 291 262 291 neuron 0
264 288 287 288 287 321 264 321 neuron 0
235 327 260 327 260 365 235 365 neuron 0
276 296 298 296 298 336 276 336 neuron 0
286 275 310 275 310 313 286 313 neuron 0
244 316 272 316 272 351 244 351 neuron 0
260 312 286 312 286 343 260 343 neuron 0
341 296 366 296 366 335 341 335 neuron 0
366 312 393 312 393 352 366 352 neuron 0
388 308 411 308 411 348 388 348 neuron 0
411 306 436 306 436 342 411 342 neuron 0
428 307 453 307 453 341 428 341 neuron 0
339 517 365 517 365 555 339 555 neuron 0
370 560 395 560 395 595 370 595 neuron 0
372 583 397 583 397 619 372 619 neuron 0
446 456 473 456 473 493 446 493 neuron 0
486 517 516 517 516 559 486 559 neuron 0
509 536 533 536 533 575 509 575 neuron 0
526 556 551 556 551 597 526 597 neuron 0
520 585 547 585 547 624 520 624 neuron 0
583 355 605 355 605 393 583 393 neuron 0
596 359 618 359 618 396 596 396 neuron 0
581 399 604 399 604 432 581 432 neuron 0
584 417 610 417 610 451 584 451 neuron 0
600 392 628 392 628 428 600 428 neuron 0
614 380 637 380 637 416 614 416 neuron 0
612 407 637 407 637 444 612 444 neuron 0
619 199 640 199 640 236 619 236 neuron 0
447 77 472 77 472 119 447 119 neuron 0
441 40 466 40 466 77 441 77 neuron 0
493 98 517 98 517 134 493 134 neuron 0
508 88 535 88 535 127 508 127 neuron 0
526 87 555 87 555 125 526 125 neuron 0
522 104 547 104 547 140 522 140 neuron 0
586 84 609 84 609 120 586 120 neuron 0
605 183 630 183 630 225 605 225 neuron 0
596 167 618 167 618 205 596 205 neuron 0
565 167 586 167 586 203 565 203 neuron 0
247 63 270 63 270 101 247 101 neuron 0
191 161 216 161 216 203 191 203 neuron 0
180 147 205 147 205 181 180 181 neuron 0
247 163 273 163 273 203 247 203 neuron 0
297 99 324 99 324 144 297 144 neuron 0
266 181 292 181 292 219 266 219 neuron 0
269 207 292 207 292 243 269 243 neuron 0
273 229 297 229 297 267 273 267 neuron 0
284 211 311 211 311 247 284 247 neuron 0
306 231 328 231 328 271 306 271 neuron 0
319 219 343 219 343 260 319 260 neuron 0
331 247 356 247 356 281 331 281 neuron 0
343 260 365 260 365 292 343 292 neuron 0
363 258 383 258 383 294 363 294 neuron 0
374 249 396 249 396 288 374 288 neuron 0
335 216 354 216 354 257 335 257 neuron 0
345 204 368 204 368 235 345 235 neuron 0
345 225 367 225 367 264 345 264 neuron 0
365 184 388 184 388 223 365 223 neuron 0
366 143 390 143 390 181 366 181 neuron 0
353 5 377 5 377 48 353 48 neuron 0
365 25 390 25 390 63 365 63 neuron 0
389 20 415 20 415 63 389 63 neuron 0
402 128 424 128 424 168 402 168 neuron 0
380 178 403 178 403 218 380 218 neuron 0
393 164 414 164 414 207 393 207 neuron 0
409 84 434 84 434 119 409 119 neuron 0
422 105 448 105 448 144 422 144 neuron 0
416 124 438 124 438 163 416 163 neuron 0
407 149 428 149 428 180 407 180 neuron 0
16 124 42 124 42 161 16 161 neuron 0