139 596 165 596 165 632 139 632 neuron 0
142 571 166 571 166 608 142 608 neuron 0
150 523 172 523 172 560 150 560 neuron 0
148 503 173 503 173 537 148 537 neuron 0
177 545 203 545 203 580 177 580 neuron 0
184 520 210 520 210 559 184 559 neuron 0
101 511 130 511 130 547 101 547 neuron 0
98 459 124 459 124 501 98 501 neuron 0
115 450 138 450 138 490 115 490 neuron 0
123 403 148 403 148 440 123 440 neuron 0
107 407 132 407 132 444 107 444 neuron 0
115 425 138 425 138 463 115 463 neuron 0
129 455 146 455 146 492 129 492 neuron 0
77 299 103 299 103 339 77 339 neuron 0
49 244 74 244 74 280 49 280 neuron 0
49 221 73 221 73 256 49 256 neuron 0
62 227 84 227 84 272 62 272 neuron 0
141 219 168 219 168 259 141 259 neuron 0
157 359 183 359 183 399 157 399 neuron 0
170 367 194 367 194 405 170 405 neuron 0
184 319 206 319 206 359 184 359 neuron 0
173 294 196 294 196 334 173 334 neuron 0
186 288 211 288 211 324 186 324 neuron 0
208 343 234 343 234 383 208 383 neuron 0
255 359 282 359 282 392 255 392 neuron 0
265 377 290 377 290 415 265 415 neuron 0
242 183 267 183 267 221 242 221 neuron 0
252 264 279 264 279 300 252 300 neuron 0
263 240 285 240 285 280 263 280 neuron 0
252 230 274 230 274 266 252 266 neuron 0
278 320 303 320 303 356 278 356 neuron 0
296 327 318 327 318 367 296 367 neuron 0
313 307 338 307 338 353 313 353 neuron 0
309 331 330 331 330 364 309 364 neuron 0
318 283 342 283 342 320 318 320 neuron 0
286 344 309 344 309 393 286 393 neuron 0
307 373 333 373 333 415 307 415 neuron 0
298 404 324 404 324 440 298 440 neuron 0
339 400 369 400 369 436 339 436 neuron 0
327 441 353 441 353 484 327 484 neuron 0
348 499 373 499 373 537 348 537 neuron 0
322 555 344 555 344 595 322 595 neuron 0
342 555 364 555 364 593 342 593 neuron 0
354 556 379 556 379 599 354 599 neuron 0
363 578 389 578 389 614 363 614 neuron 0
377 563 402 563 402 601 377 601 neuron 0
391 596 415 596 415 631 391 631 neuron 0
385 419 407 419 407 453 385 453 neuron 0
382 364 405 364 405 401 382 401 neuron 0
395 371 420 371 420 405 395 405 neuron 0
407 378 431 378 431 414 407 414 neuron 0
396 392 420 392 420 431 396 431 neuron 0
400 420 422 420 422 455 400 455 neuron 0
409 397 434 397 434 435 409 435 neuron 0
413 422 435 422 435 454 413 454 neuron 0
489 448 515 448 515 487 489 487 neuron 0
486 471 510 471 510 504 486 504 neuron 0
451 349 475 349 475 388 451 388 neuron 0
422 184 445 184 445 220 422 220 neuron 0
464 263 489 263 489 307 464 307 neuron 0
512 255 536 255 536 293 512 293 neuron 0
531 368 557 368 557 401 531 401 neuron 0
545 319 569 319 569 356 545 356 neuron 0
503 341 533 341 533 392 503 392 neuron 0
497 316 522 316 522 355 497 355 neuron 0
512 319 535 319 535 357 512 357 neuron 0
527 317 551 317 551 360 527 360 neuron 0
554 393 579 393 579 428 554 428 neuron 0
585 424 610 424 610 461 585 461 neuron 0
567 420 591 420 591 457 567 457 neuron 0
581 460 608 460 608 493 581 493 neuron 0
574 441 599 441 599 475 574 475 neuron 0
583 492 607 492 607 531 583 531 neuron 0
583 519 605 519 605 556 583 556 neuron 0
458 183 485 183 485 227 458 227 neuron 0
418 160 449 160 449 196 418 196 neuron 0
440 140 465 140 465 181 440 181 neuron 0
410 72 433 72 433 111 410 111 neuron 0
400 76 424 76 424 117 400 117 neuron 0
298 92 323 92 323 133 298 133 neuron 0
559 163 583 163 583 196 559 196 neuron 0
541 141 570 141 570 179 541 179 neuron 0
565 27 592 27 592 67 565 67 neuron 0
517 108 539 108 539 141 517 141 neuron 0
515 85 541 85 541 120 515 120 neuron 0
511 71 537 71 537 103 511 103 neuron 0
490 76 515 76 515 111 490 111 neuron 0
408 32 430 32 430 68 408 68 neuron 0
398 53 423 53 423 87 398 87 neuron 0
390 12 416 12 416 44 390 44 neuron 0
374 7 398 7 398 44 374 44 neuron 0
407 13 430 13 430 43 407 43 neuron 0
380 31 401 31 401 60 380 60 neuron 0
126 133 151 133 151 176 126 176 neuron 0
101 56 127 56 127 92 101 92 neuron 0
80 48 106 48 106 91 80 91 neuron 0
196 118 221 118 221 158 196 158 neuron 0
195 143 221 143 221 181 195 181 neuron 0
253 154 279 154 279 190 253 190 neuron 0
265 170 287 170 287 210 265 210 neuron 0
51 179 75 179 75 220 51 220 neuron 0
40 168 66 168 66 211 40 211 neuron 0
32 151 58 151 58 193 32 193 neuron 0
22 105 47 105 47 144 22 144 neuron 0
25 181 48 181 48 216 25 216 neuron 0