16 608 41 608 41 640 16 640 neuron 0
37 593 62 593 62 632 37 632 neuron 0
49 576 74 576 74 612 49 612 neuron 0
4 533 27 533 27 567 4 567 neuron 0
5 477 30 477 30 516 5 516 neuron 0
29 492 54 492 54 529 29 529 neuron 0
37 481 60 481 60 516 37 516 neuron 0
73 505 96 505 96 544 73 544 neuron 0
102 591 126 591 126 628 102 628 neuron 0
101 538 127 538 127 574 101 574 neuron 0
28 419 56 419 56 455 28 455 neuron 0
30 396 54 396 54 431 30 431 neuron 0
26 346 49 346 49 386 26 386 neuron 0
66 402 88 402 88 442 66 442 neuron 0
88 403 111 403 111 437 88 437 neuron 0
88 378 111 378 111 414 88 414 neuron 0
83 422 107 422 107 454 83 454 neuron 0
29 200 56 200 56 240 29 240 neuron 0
80 189 105 189 105 227 80 227 neuron 0
99 320 122 320 122 359 99 359 neuron 0
76 335 99 335 99 377 76 377 neuron 0
147 441 172 441 172 479 147 479 neuron 0
166 352 190 352 190 392 166 392 neuron 0
227 327 254 327 254 365 227 365 neuron 0
237 391 263 391 263 432 237 432 neuron 0
179 583 203 583 203 623 179 623 neuron 0
224 560 248 560 248 597 224 597 neuron 0
217 541 244 541 244 576 217 576 neuron 0
258 472 283 472 283 511 258 511 neuron 0
282 473 306 473 306 508 282 508 neuron 0
278 500 300 500 300 532 278 532 neuron 0
263 511 288 511 288 551 263 551 neuron 0
283 522 309 522 309 566 283 566 neuron 0
340 339 362 339 362 375 340 375 neuron 0
347 374 372 374 372 406 347 406 neuron 0
360 404 382 404 382 440 360 440 neuron 0
379 353 404 353 404 391 379 391 neuron 0
367 357 389 357 389 395 367 395 neuron 0
371 383 393 383 393 416 371 416 neuron 0
396 311 420 311 420 343 396 343 neuron 0
398 337 424 337 424 372 398 372 neuron 0
396 388 419 388 419 420 396 420 neuron 0
411 375 431 375 431 413 411 413 neuron 0
405 292 429 292 429 331 405 331 neuron 0
410 261 435 261 435 299 410 299 neuron 0
424 268 446 268 446 305 424 305 neuron 0
443 246 473 246 473 282 443 282 neuron 0
361 182 387 182 387 222 361 222 neuron 0
392 201 418 201 418 244 392 244 neuron 0
386 180 412 180 412 219 386 219 neuron 0
528 183 551 183 551 220 528 220 neuron 0
533 211 558 211 558 249 533 249 neuron 0
529 236 552 236 552 275 529 275 neuron 0
532 255 558 255 558 291 532 291 neuron 0
567 259 594 259 594 293 567 293 neuron 0
564 279 587 279 587 313 564 313 neuron 0
593 300 617 300 617 337 593 337 neuron 0
611 245 633 245 633 283 611 283 neuron 0
566 463 589 463 589 500 566 500 neuron 0
579 457 605 457 605 499 579 499 neuron 0
613 447 638 447 638 489 613 489 neuron 0
395 105 420 105 420 144 395 144 neuron 0
417 47 442 47 442 84 417 84 neuron 0
431 35 456 35 456 68 431 68 neuron 0
440 16 463 16 463 49 440 49 neuron 0
497 71 520 71 520 103 497 103 neuron 0
524 49 547 49 547 87 524 87 neuron 0
614 74 638 74 638 110 614 110 neuron 0
303 231 329 231 329 265 303 265 neuron 0
231 179 256 179 256 215 231 215 neuron 0
246 196 273 196 273 229 246 229 neuron 0
292 103 325 103 325 141 292 141 neuron 0
323 92 347 92 347 127 323 127 neuron 0
333 77 361 77 361 116 333 116 neuron 0
338 103 369 103 369 140 338 140 neuron 0
255 16 279 16 279 55 255 55 neuron 0
33 133 61 133 61 171 33 171 neuron 0
28 156 51 156 51 191 28 191 neuron 0
114 154 142 154 142 190 114 190 neuron 0
178 211 203 211 203 248 178 248 neuron 0
191 219 214 219 214 255 191 255 neuron 0
199 231 222 231 222 272 199 272 neuron 0
193 196 217 196 217 231 193 231 neuron 0
181 189 205 189 205 224 181 224 neuron 0
164 180 191 180 191 219 164 219 neuron 0
183 145 208 145 208 183 183 183 neuron 0
155 123 180 123 180 160 155 160 neuron 0
215 76 249 76 249 121 215 121 neuron 0
569 353 594 353 594 396 569 396 neuron 0