89 525 114 525 114 559 89 559 neuron 0
93 499 116 499 116 536 93 536 neuron 0
83 420 107 420 107 456 83 456 neuron 0
99 418 123 418 123 458 99 458 neuron 0
87 445 115 445 115 480 87 480 neuron 0
89 363 115 363 115 397 89 397 neuron 0
98 337 121 337 121 376 98 376 neuron 0
51 271 76 271 76 309 51 309 neuron 0
37 255 65 255 65 295 37 295 neuron 0
103 445 124 445 124 483 103 483 neuron 0
86 471 111 471 111 501 86 501 neuron 0
80 447 101 447 101 483 80 483 neuron 0
246 381 270 381 270 420 246 420 neuron 0
257 375 279 375 279 412 257 412 neuron 0
241 351 266 351 266 389 241 389 neuron 0
258 348 280 348 280 381 258 381 neuron 0
270 352 294 352 294 388 270 388 neuron 0
252 306 275 306 275 350 252 350 neuron 0
268 309 294 309 294 348 268 348 neuron 0
257 509 282 509 282 548 257 548 neuron 0
269 519 294 519 294 557 269 557 neuron 0
285 520 310 520 310 556 285 556 neuron 0
333 497 362 497 362 540 333 540 neuron 0
330 571 356 571 356 607 330 607 neuron 0
343 553 368 553 368 591 343 591 neuron 0
369 589 395 589 395 624 369 624 neuron 0
339 586 366 586 366 622 339 622 neuron 0
490 583 514 583 514 623 490 623 neuron 0
503 572 524 572 524 607 503 607 neuron 0
477 495 502 495 502 532 477 532 neuron 0
477 519 500 519 500 555 477 555 neuron 0
489 509 512 509 512 547 489 547 neuron 0
461 475 484 475 484 515 461 515 neuron 0
444 484 470 484 470 519 444 519 neuron 0
426 439 449 439 449 471 426 471 neuron 0
439 424 461 424 461 456 439 456 neuron 0
423 388 446 388 446 423 423 423 neuron 0
433 363 455 363 455 401 433 401 neuron 0
445 356 468 356 468 395 445 395 neuron 0
421 311 445 311 445 352 421 352 neuron 0
436 299 462 299 462 335 436 335 neuron 0
442 321 463 321 463 355 442 355 neuron 0
486 282 512 282 512 318 486 318 neuron 0
499 324 525 324 525 359 499 359 neuron 0
489 344 515 344 515 381 489 381 neuron 0
353 283 384 283 384 319 353 319 neuron 0
327 288 354 288 354 321 327 321 neuron 0
310 248 339 248 339 284 310 284 neuron 0
316 268 344 268 344 304 316 304 neuron 0
548 465 573 465 573 500 548 500 neuron 0
540 411 565 411 565 445 540 445 neuron 0
568 537 595 537 595 572 568 572 neuron 0
579 431 607 431 607 464 579 464 neuron 0
580 404 603 404 603 444 580 444 neuron 0
574 379 595 379 595 415 574 415 neuron 0
585 376 608 376 608 412 585 412 neuron 0
600 378 622 378 622 414 600 414 neuron 0
496 136 517 136 517 176 496 176 neuron 0
511 126 535 126 535 158 511 158 neuron 0
533 119 556 119 556 156 533 156 neuron 0
536 52 559 52 559 88 536 88 neuron 0
549 20 574 20 574 56 549 56 neuron 0
298 117 319 117 319 152 298 152 neuron 0
235 165 259 165 259 199 235 199 neuron 0
241 186 265 186 265 226 241 226 neuron 0
148 133 175 133 175 172 148 172 neuron 0
124 151 148 151 148 188 124 188 neuron 0
120 123 145 123 145 156 120 156 neuron 0
99 63 126 63 126 96 99 96 neuron 0
81 99 107 99 107 135 81 135 neuron 0
98 99 123 99 123 139 98 139 neuron 0
85 122 112 122 112 154 85 154 neuron 0
59 113 86 113 86 152 59 152 neuron 0
20 169 45 169 45 211 20 211 neuron 0
36 180 64 180 64 217 36 217 neuron 0
33 200 59 200 59 236 33 236 neuron 0
74 187 99 187 99 229 74 229 neuron 0