4 527 29 527 29 563 4 563 neuron 0
37 532 64 532 64 568 37 568 neuron 0
26 528 48 528 48 561 26 561 neuron 0
43 512 68 512 68 549 43 549 neuron 0
31 492 57 492 57 529 31 529 neuron 0
45 339 71 339 71 379 45 379 neuron 0
71 248 94 248 94 285 71 285 neuron 0
81 227 106 227 106 264 81 264 neuron 0
69 215 92 215 92 248 69 248 neuron 0
59 198 82 198 82 234 59 234 neuron 0
47 203 68 203 68 237 47 237 neuron 0
108 190 134 190 134 226 108 226 neuron 0
130 204 156 204 156 237 130 237 neuron 0
145 195 169 195 169 227 145 227 neuron 0
103 214 127 214 127 258 103 258 neuron 0
204 201 232 201 232 236 204 236 neuron 0
224 213 249 213 249 247 224 247 neuron 0
322 255 351 255 351 289 322 289 neuron 0
396 296 421 296 421 332 396 332 neuron 0
406 282 432 282 432 318 406 318 neuron 0
392 271 417 271 417 307 392 307 neuron 0
397 244 423 244 423 283 397 283 neuron 0
403 219 428 219 428 255 403 255 neuron 0
382 380 408 380 408 419 382 419 neuron 0
355 352 384 352 384 400 355 400 neuron 0
374 366 398 366 398 402 374 402 neuron 0
398 404 421 404 421 443 398 443 neuron 0
435 395 461 395 461 429 435 429 neuron 0
471 404 496 404 496 440 471 440 neuron 0
475 379 500 379 500 413 475 413 neuron 0
489 364 514 364 514 403 489 403 neuron 0
482 345 505 345 505 379 482 379 neuron 0
479 321 505 321 505 359 479 359 neuron 0
495 296 520 296 520 335 495 335 neuron 0
509 289 532 289 532 324 509 324 neuron 0
516 274 539 274 539 306 516 306 neuron 0
378 515 401 515 401 553 378 553 neuron 0
378 488 405 488 405 524 378 524 neuron 0
376 471 403 471 403 500 376 500 neuron 0
378 449 402 449 402 484 378 484 neuron 0
438 550 459 550 459 590 438 590 neuron 0
432 499 457 499 457 536 432 536 neuron 0
419 460 443 460 443 496 419 496 neuron 0
433 458 457 458 457 490 433 490 neuron 0
448 499 471 499 471 537 448 537 neuron 0
462 488 486 488 486 527 462 527 neuron 0
492 483 515 483 515 521 492 521 neuron 0
478 485 501 485 501 524 478 524 neuron 0
504 497 526 497 526 532 504 532 neuron 0
512 491 538 491 538 525 512 525 neuron 0
518 472 542 472 542 505 518 505 neuron 0
434 524 459 524 459 560 434 560 neuron 0
532 272 555 272 555 309 532 309 neuron 0
522 291 549 291 549 327 522 327 neuron 0
556 359 580 359 580 401 556 401 neuron 0
575 328 600 328 600 368 575 368 neuron 0
577 353 603 353 603 395 577 395 neuron 0
467 464 492 464 492 501 467 501 neuron 0
453 457 475 457 475 495 453 495 neuron 0
526 448 553 448 553 481 526 481 neuron 0
587 287 611 287 611 324 587 324 neuron 0
595 235 618 235 618 272 595 272 neuron 0
606 223 630 223 630 257 606 257 neuron 0
614 242 639 242 639 278 614 278 neuron 0
598 160 624 160 624 203 598 203 neuron 0
443 99 467 99 467 136 443 136 neuron 0
617 24 639 24 639 65 617 65 neuron 0
356 0 380 0 380 43 356 43 neuron 0
369 128 392 128 392 164 369 164 neuron 0
366 107 392 107 392 141 366 141 neuron 0
358 97 380 97 380 132 358 132 neuron 0
353 82 376 82 376 122 353 122 neuron 0
372 79 396 79 396 121 372 121 neuron 0
363 67 385 67 385 104 363 104 neuron 0
72 52 96 52 96 89 72 89 neuron 0
97 79 120 79 120 117 97 117 neuron 0
127 16 150 16 150 49 127 49 neuron 0
142 16 167 16 167 56 142 56 neuron 0
46 179 72 179 72 215 46 215 neuron 0
58 163 83 163 83 199 58 199 neuron 0
64 182 91 182 91 218 64 218 neuron 0
85 172 112 172 112 211 85 211 neuron 0
114 151 138 151 138 192 114 192 neuron 0
128 159 151 159 151 197 128 197 neuron 0
141 163 162 163 162 207 141 207 neuron 0
153 173 178 173 178 211 153 211 neuron 0
390 563 417 563 417 608 390 608 neuron 0
531 1 555 1 555 35 531 35 neuron 0
355 606 377 606 377 640 355 640 neuron 0
251 269 277 269 277 300 251 300 neuron 0