92 540 115 540 115 575 92 575 neuron 0
96 515 118 515 118 553 96 553 neuron 0
84 434 108 434 108 474 84 474 neuron 0
98 433 124 433 124 472 98 472 neuron 0
92 463 116 463 116 500 92 500 neuron 0
107 459 128 459 128 496 107 496 neuron 0
96 352 122 352 122 393 96 393 neuron 0
92 378 116 378 116 414 92 414 neuron 0
242 366 265 366 265 406 242 406 neuron 0
259 385 278 385 278 424 259 424 neuron 0
245 395 268 395 268 433 245 433 neuron 0
260 523 283 523 283 563 260 563 neuron 0
274 531 297 531 297 568 274 568 neuron 0
287 532 310 532 310 567 287 567 neuron 0
50 285 76 285 76 324 50 324 neuron 0
38 273 64 273 64 312 38 312 neuron 0
38 193 62 193 62 231 38 231 neuron 0
20 191 43 191 43 227 20 227 neuron 0
74 204 100 204 100 244 74 244 neuron 0
258 359 281 359 281 393 258 393 neuron 0
271 367 294 367 294 401 271 401 neuron 0
271 324 296 324 296 359 271 359 neuron 0
253 323 276 323 276 361 253 361 neuron 0
327 303 352 303 352 337 327 337 neuron 0
314 281 343 281 343 319 314 319 neuron 0
240 193 264 193 264 236 240 236 neuron 0
335 508 364 508 364 549 335 549 neuron 0
345 564 370 564 370 600 345 600 neuron 0
333 581 359 581 359 616 333 616 neuron 0
370 600 396 600 396 635 370 635 neuron 0
350 301 378 301 378 336 350 336 neuron 0
483 292 514 292 514 327 483 327 neuron 0
501 332 526 332 526 371 501 371 neuron 0
492 358 517 358 517 394 492 394 neuron 0
539 419 562 419 562 452 539 452 neuron 0
547 476 572 476 572 508 547 508 neuron 0
569 540 593 540 593 575 569 575 neuron 0
503 581 525 581 525 619 503 619 neuron 0
491 596 515 596 515 632 491 632 neuron 0
489 520 513 520 513 557 489 557 neuron 0
478 504 499 504 499 537 478 537 neuron 0
479 531 501 531 501 565 479 565 neuron 0
446 495 470 495 470 527 446 527 neuron 0
451 470 473 470 473 510 451 510 neuron 0
463 484 484 484 484 519 463 519 neuron 0
438 434 463 434 463 466 438 466 neuron 0
432 376 454 376 454 417 432 417 neuron 0
444 367 467 367 467 403 444 403 neuron 0
442 329 463 329 463 363 442 363 neuron 0
422 321 445 321 445 360 422 360 neuron 0
437 308 461 308 461 344 437 344 neuron 0
577 440 607 440 607 475 577 475 neuron 0
582 413 606 413 606 451 582 451 neuron 0
574 387 594 387 594 424 574 424 neuron 0
585 383 610 383 610 420 585 420 neuron 0
601 408 624 408 624 447 601 447 neuron 0
600 384 622 384 622 421 600 421 neuron 0
494 147 517 147 517 187 494 187 neuron 0
510 131 533 131 533 167 510 167 neuron 0
529 128 555 128 555 168 529 168 neuron 0
534 60 559 60 559 96 534 96 neuron 0
549 30 572 30 572 66 549 66 neuron 0
401 5 423 5 423 43 401 43 neuron 0
235 179 261 179 261 213 235 213 neuron 0
294 126 319 126 319 162 294 162 neuron 0
148 147 174 147 174 185 148 185 neuron 0
120 137 146 137 146 171 120 171 neuron 0
126 167 149 167 149 199 126 199 neuron 0
84 136 111 136 111 167 84 167 neuron 0
77 115 106 115 106 149 77 149 neuron 0
97 116 123 116 123 152 97 152 neuron 0
101 79 126 79 126 115 101 115 neuron 0
59 133 87 133 87 168 59 168 neuron 0