85 507 113 507 113 544 85 544 neuron 0
83 455 108 455 108 496 83 496 neuron 0
100 445 123 445 123 487 100 487 neuron 0
98 424 122 424 122 457 98 457 neuron 0
91 404 114 404 114 441 91 441 neuron 0
107 400 133 400 133 441 107 441 neuron 0
112 455 131 455 131 493 112 493 neuron 0
98 471 120 471 120 501 98 501 neuron 0
85 484 108 484 108 519 85 519 neuron 0
130 504 158 504 158 540 130 540 neuron 0
133 528 156 528 156 563 133 563 neuron 0
126 568 150 568 150 604 126 604 neuron 0
124 592 152 592 152 632 124 632 neuron 0
162 542 189 542 189 578 162 578 neuron 0
169 519 194 519 194 556 169 556 neuron 0
34 220 55 220 55 257 34 257 neuron 0
46 222 69 222 69 262 46 262 neuron 0
36 244 61 244 61 277 36 277 neuron 0
61 291 86 291 86 335 61 335 neuron 0
143 360 170 360 170 400 143 400 neuron 0
158 369 183 369 183 411 158 411 neuron 0
170 325 194 325 194 364 170 364 neuron 0
171 294 199 294 199 334 171 334 neuron 0
158 299 185 299 185 340 158 340 neuron 0
198 352 223 352 223 387 198 387 neuron 0
250 376 277 376 277 413 250 413 neuron 0
241 359 268 359 268 392 241 392 neuron 0
306 558 330 558 330 598 306 598 neuron 0
327 552 352 552 352 591 327 591 neuron 0
332 498 359 498 359 538 332 538 neuron 0
293 377 317 377 317 415 293 415 neuron 0
280 405 310 405 310 443 280 443 neuron 0
277 365 305 365 305 403 277 403 neuron 0
272 344 300 344 300 379 272 379 neuron 0
265 323 288 323 288 357 265 357 neuron 0
284 327 304 327 304 363 284 363 neuron 0
297 327 318 327 318 365 297 365 neuron 0
240 265 266 265 266 304 240 304 neuron 0
238 227 262 227 262 261 238 261 neuron 0
250 240 272 240 272 283 250 283 neuron 0
304 285 326 285 326 319 304 319 neuron 0
232 187 254 187 254 221 232 221 neuron 0
311 440 336 440 336 477 311 477 neuron 0
322 400 351 400 351 440 322 440 neuron 0
366 417 392 417 392 455 366 455 neuron 0
382 394 403 394 403 430 382 430 neuron 0
366 365 389 365 389 399 366 399 neuron 0
378 371 403 371 403 404 378 404 neuron 0
394 398 420 398 420 434 394 434 neuron 0
393 379 415 379 415 411 393 411 neuron 0
383 419 405 419 405 456 383 456 neuron 0
340 557 363 557 363 599 340 599 neuron 0
350 576 373 576 373 615 350 615 neuron 0
363 560 386 560 386 604 363 604 neuron 0
377 595 400 595 400 632 377 632 neuron 0
469 471 494 471 494 503 469 503 neuron 0
474 449 501 449 501 484 474 484 neuron 0
434 351 457 351 457 388 434 388 neuron 0
447 263 472 263 472 303 447 303 neuron 0
497 252 523 252 523 296 497 296 neuron 0
480 317 506 317 506 359 480 359 neuron 0
511 320 534 320 534 361 511 361 neuron 0
530 317 553 317 553 360 530 360 neuron 0
516 366 541 366 541 402 516 402 neuron 0
540 393 564 393 564 431 540 431 neuron 0
568 494 593 494 593 534 568 534 neuron 0
569 520 592 520 592 556 569 556 neuron 0
620 543 640 543 640 581 620 581 neuron 0
385 77 411 77 411 120 385 120 neuron 0
397 75 420 75 420 113 397 113 neuron 0
398 95 409 95 409 109 398 109 neuron 0
408 182 433 182 433 222 408 222 neuron 0
410 157 438 157 438 196 410 196 neuron 0
427 139 450 139 450 179 427 179 neuron 0
445 183 471 183 471 224 445 224 neuron 0
529 143 555 143 555 183 529 183 neuron 0
546 163 570 163 570 197 546 197 neuron 0
552 32 579 32 579 69 552 69 neuron 0
477 70 500 70 500 102 477 102 neuron 0
485 86 509 86 509 126 485 126 neuron 0
500 104 524 104 524 139 500 139 neuron 0
498 61 521 61 521 95 498 95 neuron 0
501 80 525 80 525 115 501 115 neuron 0
360 7 384 7 384 43 360 43 neuron 0
376 10 400 10 400 46 376 46 neuron 0
367 29 389 29 389 63 367 63 neuron 0
392 13 413 13 413 47 392 47 neuron 0
392 36 415 36 415 72 392 72 neuron 0
182 112 207 112 207 153 182 153 neuron 0
184 139 208 139 208 180 184 180 neuron 0
242 156 267 156 267 192 242 192 neuron 0
256 171 278 171 278 209 256 209 neuron 0
289 91 312 91 312 132 289 132 neuron 0
120 125 144 125 144 167 120 167 neuron 0
86 54 110 54 110 90 86 90 neuron 0
67 44 91 44 91 83 67 83 neuron 0
9 175 33 175 33 209 9 209 neuron 0
17 149 42 149 42 188 17 188 neuron 0
22 169 48 169 48 207 22 207 neuron 0
36 177 60 177 60 216 36 216 neuron 0
578 444 604 444 604 481 578 481 neuron 0
567 464 593 464 593 493 567 493 neuron 0