116 601 141 601 141 639 116 639 neuron 0
120 576 146 576 146 615 120 615 neuron 0
120 549 145 549 145 588 120 588 neuron 0
129 510 152 510 152 546 129 546 neuron 0
131 484 156 484 156 521 131 521 neuron 0
166 507 191 507 191 541 166 541 neuron 0
160 530 186 530 186 566 160 566 neuron 0
76 487 105 487 105 521 76 521 neuron 0
76 439 102 439 102 480 76 480 neuron 0
94 429 117 429 117 468 94 468 neuron 0
108 437 127 437 127 472 108 472 neuron 0
86 388 112 388 112 424 86 424 neuron 0
105 383 131 383 131 423 105 423 neuron 0
94 407 118 407 118 441 94 441 neuron 0
93 454 114 454 114 486 93 486 neuron 0
61 274 87 274 87 314 61 314 neuron 0
145 344 170 344 170 381 145 381 neuron 0
160 357 184 357 184 395 160 395 neuron 0
171 312 194 312 194 352 171 352 neuron 0
158 287 184 287 184 325 158 325 neuron 0
172 282 200 282 200 318 172 318 neuron 0
196 339 222 339 222 376 196 376 neuron 0
242 253 269 253 269 291 242 291 neuron 0
240 353 267 353 267 384 240 384 neuron 0
252 369 278 369 278 411 252 411 neuron 0
264 315 290 315 290 351 264 351 neuron 0
272 337 297 337 297 379 272 379 neuron 0
293 372 318 372 318 413 293 413 neuron 0
284 403 309 403 309 439 284 439 neuron 0
304 276 328 276 328 309 304 309 neuron 0
252 231 274 231 274 267 252 267 neuron 0
241 215 267 215 267 251 241 251 neuron 0
47 215 70 215 70 255 47 255 neuron 0
34 199 58 199 58 240 34 240 neuron 0
34 226 58 226 58 262 34 262 neuron 0
328 495 352 495 352 536 328 536 neuron 0
307 551 330 551 330 589 307 589 neuron 0
324 547 348 547 348 583 324 583 neuron 0
246 445 270 445 270 484 246 484 neuron 0
297 299 324 299 324 339 297 339 neuron 0
312 435 337 435 337 475 312 475 neuron 0
320 394 347 394 347 434 320 434 neuron 0
360 553 385 553 385 592 360 592 neuron 0
345 569 370 569 370 607 345 607 neuron 0
336 554 360 554 360 594 336 594 neuron 0
372 591 398 591 398 628 372 628 neuron 0
366 409 389 409 389 447 366 447 neuron 0
361 360 387 360 387 393 361 393 neuron 0
375 367 399 367 399 399 375 399 neuron 0
378 388 401 388 401 425 378 425 neuron 0
392 394 417 394 417 426 392 426 neuron 0
382 415 404 415 404 451 382 451 neuron 0
390 372 413 372 413 408 390 408 neuron 0
395 415 416 415 416 449 395 449 neuron 0
433 347 456 347 456 384 433 384 neuron 0
448 257 473 257 473 299 448 299 neuron 0
495 251 522 251 522 292 495 292 neuron 0
479 316 503 316 503 353 479 353 neuron 0
509 319 533 319 533 360 509 360 neuron 0
531 319 553 319 553 360 531 360 neuron 0
515 365 541 365 541 399 515 399 neuron 0
539 399 564 399 564 432 539 432 neuron 0
471 445 499 445 499 479 471 479 neuron 0
468 468 491 468 491 500 468 500 neuron 0
563 520 588 520 588 555 563 555 neuron 0
567 496 591 496 591 532 567 532 neuron 0
617 544 640 544 640 583 617 583 neuron 0
567 467 592 467 592 497 567 497 neuron 0
557 449 584 449 584 480 557 480 neuron 0
410 176 434 176 434 213 410 213 neuron 0
410 151 435 151 435 188 410 188 neuron 0
424 136 450 136 450 173 424 173 neuron 0
447 176 473 176 473 220 447 220 neuron 0
533 140 558 140 558 179 533 179 neuron 0
548 160 570 160 570 195 548 195 neuron 0
600 104 624 104 624 140 600 140 neuron 0
505 97 527 97 527 136 505 136 neuron 0
480 59 504 59 504 91 480 91 neuron 0
503 69 530 69 530 103 503 103 neuron 0
503 51 528 51 528 81 503 81 neuron 0
556 31 580 31 580 69 556 69 neuron 0
395 64 420 64 420 107 395 107 neuron 0
386 84 413 84 413 121 386 121 neuron 0
405 38 428 38 428 70 405 70 neuron 0
396 23 419 23 419 59 396 59 neuron 0
381 22 404 22 404 58 381 58 neuron 0
369 19 391 19 391 52 369 52 neuron 0
394 4 418 4 418 35 394 35 neuron 0
378 3 402 3 402 33 378 33 neuron 0
360 1 385 1 385 35 360 35 neuron 0
187 121 212 121 212 160 187 160 neuron 0
190 98 215 98 215 138 190 138 neuron 0
290 77 316 77 316 120 290 120 neuron 0
239 145 266 145 266 183 239 183 neuron 0
256 159 277 159 277 197 256 197 neuron 0
125 116 150 116 150 161 125 161 neuron 0
90 34 115 34 115 70 90 70 neuron 0
37 163 61 163 61 200 37 200 neuron 0
27 155 52 155 52 191 27 191 neuron 0
26 163 37 163 37 177 26 177 neuron 0
18 135 48 135 48 176 18 176 neuron 0
12 163 36 163 36 192 12 192 neuron 0
72 27 95 27 95 67 72 67 neuron 0
125 92 148 92 148 128 125 128 neuron 0
233 177 258 177 258 211 233 211 neuron 0
10 84 35 84 35 120 10 120 neuron 0
12 56 35 56 35 92 12 92 neuron 0
494 317 517 317 517 352 494 352 neuron 0