92 521 116 521 116 556 92 556 neuron 0
181 564 206 564 206 603 181 603 neuron 0
199 543 225 543 225 583 199 583 neuron 0
76 243 101 243 101 281 76 281 neuron 0
191 301 215 301 215 340 191 340 neuron 0
195 280 217 280 217 319 195 319 neuron 0
95 188 120 188 120 223 95 223 neuron 0
149 203 173 203 173 241 149 241 neuron 0
164 200 188 200 188 237 164 237 neuron 0
172 216 200 216 200 259 172 259 neuron 0
203 423 229 423 229 463 203 463 neuron 0
210 406 235 406 235 446 210 446 neuron 0
224 403 246 403 246 440 224 440 neuron 0
234 392 256 392 256 431 234 431 neuron 0
231 449 254 449 254 488 231 488 neuron 0
233 478 256 478 256 514 233 514 neuron 0
247 460 272 460 272 497 247 497 neuron 0
241 531 263 531 263 569 241 569 neuron 0
284 513 309 513 309 551 284 551 neuron 0
235 503 261 503 261 540 235 540 neuron 0
4 213 30 213 30 251 4 251 neuron 0
143 179 174 179 174 212 143 212 neuron 0
375 475 399 475 399 515 375 515 neuron 0
384 491 407 491 407 532 384 532 neuron 0
390 437 414 437 414 483 390 483 neuron 0
377 413 401 413 401 451 377 451 neuron 0
387 399 409 399 409 440 387 440 neuron 0
436 421 463 421 463 459 436 459 neuron 0
593 459 619 459 619 496 593 496 neuron 0
411 328 437 328 437 369 411 369 neuron 0
437 303 462 303 462 340 437 340 neuron 0
406 96 434 96 434 143 406 143 neuron 0
451 185 474 185 474 224 451 224 neuron 0
465 185 489 185 489 223 465 223 neuron 0
553 161 576 161 576 204 553 204 neuron 0
587 20 613 20 613 59 587 59 neuron 0
592 97 614 97 614 135 592 135 neuron 0
618 100 640 100 640 140 618 140 neuron 0
343 8 371 8 371 47 343 47 neuron 0