88 497 115 497 115 536 88 536 neuron 0
86 449 110 449 110 492 86 492 neuron 0
100 441 124 441 124 479 100 479 neuron 0
101 419 126 419 126 455 101 455 neuron 0
94 400 117 400 117 433 94 433 neuron 0
109 396 137 396 137 431 109 431 neuron 0
115 450 135 450 135 486 115 486 neuron 0
62 289 89 289 89 328 62 328 neuron 0
49 227 74 227 74 271 49 271 neuron 0
35 216 60 216 60 255 35 255 neuron 0
36 241 59 241 59 275 36 275 neuron 0
139 497 164 497 164 535 139 535 neuron 0
128 561 153 561 153 599 128 599 neuron 0
128 587 157 587 157 627 128 627 neuron 0
137 520 163 520 163 557 137 557 neuron 0
168 540 193 540 193 575 168 575 neuron 0
176 513 198 513 198 552 176 552 neuron 0
176 322 200 322 200 362 176 362 neuron 0
149 357 177 357 177 395 149 395 neuron 0
163 368 189 368 189 405 163 405 neuron 0
176 292 203 292 203 332 176 332 neuron 0
164 299 189 299 189 340 164 340 neuron 0
201 347 228 347 228 387 201 387 neuron 0
248 356 274 356 274 392 248 392 neuron 0
258 375 284 375 284 412 258 412 neuron 0
246 256 273 256 273 299 246 299 neuron 0
255 239 277 239 277 272 255 272 neuron 0
244 224 268 224 268 259 244 259 neuron 0
308 275 331 275 331 311 308 311 neuron 0
288 321 308 321 308 360 288 360 neuron 0
271 319 294 319 294 355 271 355 neuron 0
275 345 302 345 302 384 275 384 neuron 0
286 361 311 361 311 400 286 400 neuron 0
288 401 316 401 316 443 288 443 neuron 0
299 376 324 376 324 417 299 417 neuron 0
318 439 342 439 342 479 318 479 neuron 0
324 396 354 396 354 436 324 436 neuron 0
312 550 338 550 338 594 312 594 neuron 0
337 500 362 500 362 545 337 545 neuron 0
333 545 352 545 352 584 333 584 neuron 0
344 551 367 551 367 592 344 592 neuron 0
354 567 379 567 379 605 354 605 neuron 0
368 554 391 554 391 594 368 594 neuron 0
383 588 408 588 408 624 383 624 neuron 0
374 412 396 412 396 445 374 445 neuron 0
388 411 410 411 410 448 388 448 neuron 0
386 387 408 387 408 423 386 423 neuron 0
369 359 395 359 395 393 369 393 neuron 0
385 364 406 364 406 399 385 399 neuron 0
397 372 419 372 419 407 397 407 neuron 0
400 395 423 395 423 427 400 427 neuron 0
400 415 420 415 420 448 400 448 neuron 0
437 343 461 343 461 383 437 383 neuron 0
451 253 477 253 477 295 451 295 neuron 0
497 247 523 247 523 283 497 283 neuron 0
484 315 508 315 508 353 484 353 neuron 0
499 316 521 316 521 352 499 352 neuron 0
512 312 537 312 537 352 512 352 neuron 0
534 311 558 311 558 351 534 351 neuron 0
514 360 540 360 540 395 514 395 neuron 0
545 391 568 391 568 424 545 424 neuron 0
479 444 505 444 505 477 479 477 neuron 0
471 465 500 465 500 495 471 495 neuron 0
572 513 596 513 596 548 572 548 neuron 0
575 489 600 489 600 524 575 524 neuron 0
564 444 590 444 590 476 564 476 neuron 0
572 463 598 463 598 495 572 495 neuron 0
388 82 412 82 412 122 388 122 neuron 0
397 63 418 63 418 103 397 103 neuron 0
410 147 436 147 436 185 410 185 neuron 0
427 133 453 133 453 175 427 175 neuron 0
412 175 437 175 437 209 412 209 neuron 0
448 172 474 172 474 216 448 216 neuron 0
506 92 527 92 527 132 506 132 neuron 0
488 71 514 71 514 105 488 105 neuron 0
479 52 502 52 502 87 479 87 neuron 0
509 38 533 38 533 70 509 70 neuron 0
554 18 582 18 582 62 554 62 neuron 0
549 152 574 152 574 185 549 185 neuron 0
534 133 560 133 560 172 534 172 neuron 0
192 104 216 104 216 143 192 143 neuron 0
189 128 214 128 214 169 189 169 neuron 0
254 163 279 163 279 201 254 201 neuron 0
290 79 315 79 315 123 290 123 neuron 0
242 152 267 152 267 188 242 188 neuron 0
234 184 257 184 257 219 234 219 neuron 0
357 3 384 3 384 32 357 32 neuron 0
375 3 402 3 402 32 375 32 neuron 0
395 3 418 3 418 36 395 36 neuron 0
394 24 416 24 416 60 394 60 neuron 0
405 35 428 35 428 71 405 71 neuron 0
70 40 94 40 94 80 70 80 neuron 0
87 47 114 47 114 81 87 81 neuron 0
124 104 150 104 150 147 124 147 neuron 0
128 136 152 136 152 177 128 177 neuron 0
28 166 54 166 54 206 28 206 neuron 0
22 148 45 148 45 193 22 193 neuron 0
12 177 36 177 36 208 12 208 neuron 0
42 176 64 176 64 216 42 216 neuron 0
304 302 328 302 328 342 304 342 neuron 0
300 323 320 323 320 359 300 359 neuron 0