36 558 61 558 61 594 36 594 neuron 0
14 454 39 454 39 490 14 490 neuron 0
23 435 45 435 45 472 23 472 neuron 0
10 416 39 416 39 452 10 452 neuron 0
65 283 91 283 91 315 65 315 neuron 0
54 269 82 269 82 299 54 299 neuron 0
181 412 206 412 206 448 181 448 neuron 0
212 579 238 579 238 613 212 613 neuron 0
225 571 250 571 250 607 225 607 neuron 0
233 557 259 557 259 588 233 588 neuron 0
268 532 292 532 292 568 268 568 neuron 0
279 471 304 471 304 509 279 509 neuron 0
313 461 337 461 337 496 313 496 neuron 0
270 432 296 432 296 472 270 472 neuron 0
282 395 306 395 306 432 282 432 neuron 0
290 362 314 362 314 402 290 402 neuron 0
246 393 278 393 278 431 246 431 neuron 0
228 380 255 380 255 421 228 421 neuron 0
217 388 239 388 239 424 217 424 neuron 0
293 479 315 479 315 515 293 515 neuron 0
229 335 253 335 253 373 229 373 neuron 0
256 317 280 317 280 355 256 355 neuron 0
290 285 316 285 316 323 290 323 neuron 0
314 316 343 316 343 355 314 355 neuron 0
333 303 360 303 360 343 333 343 neuron 0
240 190 264 190 264 226 240 226 neuron 0
341 428 365 428 365 465 341 465 neuron 0
328 430 349 430 349 466 328 466 neuron 0
341 598 365 598 365 634 341 634 neuron 0
354 578 377 578 377 614 354 614 neuron 0
358 602 383 602 383 640 358 640 neuron 0
389 606 414 606 414 640 389 640 neuron 0
402 595 429 595 429 627 402 627 neuron 0
439 576 463 576 463 615 439 615 neuron 0
451 558 475 558 475 598 451 598 neuron 0
465 547 485 547 485 583 465 583 neuron 0
465 520 489 520 489 557 465 557 neuron 0
454 465 479 465 479 507 454 507 neuron 0
479 464 503 464 503 500 479 500 neuron 0
557 572 585 572 585 607 557 607 neuron 0
559 418 584 418 584 454 559 454 neuron 0
551 341 580 341 580 380 551 380 neuron 0
471 403 499 403 499 443 471 443 neuron 0
455 372 482 372 482 409 455 409 neuron 0
427 332 452 332 452 371 427 371 neuron 0
414 329 437 329 437 368 414 368 neuron 0
379 305 405 305 405 343 379 343 neuron 0
391 291 417 291 417 331 391 331 neuron 0
469 320 493 320 493 355 469 355 neuron 0
492 35 516 35 516 69 492 69 neuron 0
553 224 575 224 575 261 553 261 neuron 0
535 239 557 239 557 280 535 280 neuron 0
596 287 620 287 620 325 596 325 neuron 0
556 175 579 175 579 209 556 209 neuron 0
552 147 577 147 577 185 552 185 neuron 0
569 148 592 148 592 191 569 191 neuron 0
560 100 584 100 584 139 560 139 neuron 0
575 112 600 112 600 148 575 148 neuron 0
581 132 606 132 606 165 581 165 neuron 0
230 156 257 156 257 195 230 195 neuron 0
216 147 238 147 238 191 216 191 neuron 0
262 167 286 167 286 200 262 200 neuron 0
269 187 292 187 292 223 269 223 neuron 0
159 80 184 80 184 119 159 119 neuron 0
117 56 142 56 142 93 117 93 neuron 0
153 42 176 42 176 82 153 82 neuron 0
156 25 178 25 178 56 156 56 neuron 0
191 24 215 24 215 63 191 63 neuron 0
205 32 229 32 229 67 205 67 neuron 0
222 13 250 13 250 52 222 52 neuron 0
29 167 53 167 53 208 29 208 neuron 0