83 568 106 568 106 604 83 604 neuron 0
120 567 145 567 145 603 120 603 neuron 0
159 579 183 579 183 617 159 617 neuron 0
153 603 177 603 177 633 153 633 neuron 0
167 568 192 568 192 611 167 611 neuron 0
72 440 97 440 97 477 72 477 neuron 0
33 323 63 323 63 365 33 365 neuron 0
55 331 80 331 80 368 55 368 neuron 0
82 359 107 359 107 399 82 399 neuron 0
83 419 105 419 105 461 83 461 neuron 0
106 399 131 399 131 440 106 440 neuron 0
9 283 35 283 35 324 9 324 neuron 0
28 238 51 238 51 278 28 278 neuron 0
228 572 257 572 257 607 228 607 neuron 0
274 572 300 572 300 608 274 608 neuron 0
251 448 280 448 280 487 251 487 neuron 0
211 381 238 381 238 419 211 419 neuron 0
251 356 276 356 276 392 251 392 neuron 0
178 247 206 247 206 287 178 287 neuron 0
195 259 219 259 219 295 195 295 neuron 0
211 266 238 266 238 302 211 302 neuron 0
212 291 237 291 237 327 212 327 neuron 0
99 191 123 191 123 228 99 228 neuron 0
314 564 340 564 340 601 314 601 neuron 0
484 407 509 407 509 444 484 444 neuron 0
481 381 506 381 506 416 481 416 neuron 0
498 394 524 394 524 430 498 430 neuron 0
524 376 550 376 550 413 524 413 neuron 0
614 284 639 284 639 328 614 328 neuron 0
610 255 632 255 632 295 610 295 neuron 0
400 247 423 247 423 283 400 283 neuron 0
369 201 397 201 397 243 369 243 neuron 0
458 240 482 240 482 280 458 280 neuron 0
497 206 521 206 521 242 497 242 neuron 0
489 128 512 128 512 163 489 163 neuron 0
568 152 595 152 595 192 568 192 neuron 0
605 70 629 70 629 106 605 106 neuron 0
587 24 611 24 611 60 587 60 neuron 0
577 27 596 27 596 64 577 64 neuron 0
578 0 600 0 600 37 578 37 neuron 0
602 19 627 19 627 55 602 55 neuron 0
435 249 460 249 460 291 435 291 neuron 0
443 231 467 231 467 272 443 272 neuron 0
363 123 388 123 388 167 363 167 neuron 0
396 49 422 49 422 88 396 88 neuron 0
605 150 626 150 626 190 605 190 neuron 0
596 139 617 139 617 177 596 177 neuron 0
392 232 418 232 418 265 392 265 neuron 0
345 183 372 183 372 220 345 220 neuron 0
325 162 348 162 348 198 325 198 neuron 0
326 108 354 108 354 153 326 153 neuron 0
216 67 246 67 246 105 216 105 neuron 0
256 220 292 220 292 260 256 260 neuron 0
322 59 346 59 346 99 322 99 neuron 0
330 143 353 143 353 181 330 181 neuron 0
19 186 46 186 46 226 19 226 neuron 0
45 85 69 85 69 127 45 127 neuron 0
33 73 61 73 61 116 33 116 neuron 0
74 56 97 56 97 96 74 96 neuron 0
121 156 146 156 146 201 121 201 neuron 0
622 404 640 404 640 443 622 443 neuron 0