16 459 36 459 36 491 16 491 neuron 0
9 419 36 419 36 456 9 456 neuron 0
21 442 44 442 44 478 21 478 neuron 0
24 480 49 480 49 520 24 520 neuron 0
35 559 59 559 59 600 35 600 neuron 0
44 309 69 309 69 339 44 339 neuron 0
56 271 83 271 83 303 56 303 neuron 0
68 288 90 288 90 321 68 321 neuron 0
178 416 205 416 205 455 178 455 neuron 0
217 390 240 390 240 426 217 426 neuron 0
228 384 253 384 253 425 228 425 neuron 0
226 340 251 340 251 377 226 377 neuron 0
247 395 276 395 276 433 247 433 neuron 0
282 398 305 398 305 438 282 438 neuron 0
269 440 293 440 293 475 269 475 neuron 0
212 584 235 584 235 620 212 620 neuron 0
232 561 259 561 259 596 232 596 neuron 0
268 532 292 532 292 568 268 568 neuron 0
282 516 304 516 304 555 282 555 neuron 0
278 471 302 471 302 513 278 513 neuron 0
293 481 315 481 315 519 293 519 neuron 0
313 464 337 464 337 499 313 499 neuron 0
290 288 314 288 314 325 290 325 neuron 0
315 320 342 320 342 357 315 357 neuron 0
288 364 314 364 314 403 288 403 neuron 0
255 323 281 323 281 359 255 359 neuron 0
329 305 359 305 359 344 329 344 neuron 0
265 287 289 287 289 321 265 321 neuron 0
328 434 349 434 349 470 328 470 neuron 0
339 431 365 431 365 469 339 469 neuron 0
377 308 402 308 402 347 377 347 neuron 0
389 295 415 295 415 333 389 333 neuron 0
414 333 436 333 436 371 414 371 neuron 0
426 335 450 335 450 373 426 373 neuron 0
352 581 377 581 377 616 352 616 neuron 0
341 601 365 601 365 636 341 636 neuron 0
356 602 384 602 384 640 356 640 neuron 0
436 581 463 581 463 619 436 619 neuron 0
452 563 473 563 473 597 452 597 neuron 0
436 523 461 523 461 560 436 560 neuron 0
466 524 487 524 487 561 466 561 neuron 0
453 467 478 467 478 509 453 509 neuron 0
477 464 503 464 503 504 477 504 neuron 0
463 550 486 550 486 586 463 586 neuron 0
558 573 584 573 584 611 558 611 neuron 0
401 595 429 595 429 624 401 624 neuron 0
469 320 491 320 491 356 469 356 neuron 0
470 405 499 405 499 447 470 447 neuron 0
551 344 577 344 577 379 551 379 neuron 0
556 419 582 419 582 453 556 453 neuron 0
490 36 513 36 513 72 490 72 neuron 0
590 1 616 1 616 39 590 39 neuron 0
560 102 585 102 585 142 560 142 neuron 0
574 113 598 113 598 147 574 147 neuron 0
580 128 604 128 604 168 580 168 neuron 0
550 148 573 148 573 189 550 189 neuron 0
567 148 590 148 590 192 567 192 neuron 0
555 176 577 176 577 212 555 212 neuron 0
549 224 575 224 575 261 549 261 neuron 0
605 257 631 257 631 296 605 296 neuron 0
595 293 620 293 620 327 595 327 neuron 0
535 243 559 243 559 281 535 281 neuron 0
214 155 239 155 239 195 214 195 neuron 0
229 164 253 164 253 197 229 197 neuron 0
237 192 264 192 264 229 237 229 neuron 0
261 168 287 168 287 207 261 207 neuron 0
268 191 291 191 291 225 268 225 neuron 0
264 212 290 212 290 249 264 249 neuron 0
275 229 300 229 300 268 275 268 neuron 0
159 87 181 87 181 124 159 124 neuron 0
153 47 177 47 177 84 153 84 neuron 0
153 27 179 27 179 59 153 59 neuron 0
190 27 213 27 213 64 190 64 neuron 0
204 33 228 33 228 68 204 68 neuron 0
221 15 249 15 249 56 221 56 neuron 0
171 47 197 47 197 83 171 83 neuron 0
189 50 210 50 210 86 189 86 neuron 0
136 47 161 47 161 88 136 88 neuron 0
128 66 154 66 154 102 128 102 neuron 0
114 63 140 63 140 101 114 101 neuron 0
28 173 51 173 51 215 28 215 neuron 0