58 425 85 425 85 460 58 460 neuron 0
26 255 53 255 53 288 26 288 neuron 0
14 243 44 243 44 281 14 281 neuron 0
18 272 38 272 38 303 18 303 neuron 0
31 276 54 276 54 308 31 308 neuron 0
65 256 91 256 91 293 65 293 neuron 0
119 307 146 307 146 347 119 347 neuron 0
132 295 156 295 156 329 132 329 neuron 0
159 362 182 362 182 398 159 398 neuron 0
161 385 189 385 189 424 161 424 neuron 0
156 315 180 315 180 349 156 349 neuron 0
150 296 174 296 174 329 150 329 neuron 0
166 328 191 328 191 364 166 364 neuron 0
177 340 202 340 202 377 177 377 neuron 0
186 361 210 361 210 396 186 396 neuron 0
177 376 205 376 205 417 177 417 neuron 0
190 384 214 384 214 424 190 424 neuron 0
199 407 223 407 223 441 199 441 neuron 0
214 431 239 431 239 471 214 471 neuron 0
213 456 236 456 236 488 213 488 neuron 0
262 496 285 496 285 532 262 532 neuron 0
260 519 283 519 283 555 260 555 neuron 0
169 199 192 199 192 237 169 237 neuron 0
198 325 226 325 226 363 198 363 neuron 0
232 319 257 319 257 356 232 356 neuron 0
242 310 266 310 266 342 242 342 neuron 0
258 280 283 280 283 317 258 317 neuron 0
221 232 246 232 246 269 221 269 neuron 0
224 258 248 258 248 290 224 290 neuron 0
258 247 283 247 283 285 258 285 neuron 0
271 289 296 289 296 327 271 327 neuron 0
285 270 310 270 310 306 285 306 neuron 0
336 291 362 291 362 328 336 328 neuron 0
239 281 263 281 263 312 239 312 neuron 0
270 224 294 224 294 256 270 256 neuron 0
281 204 308 204 308 241 281 241 neuron 0
315 216 337 216 337 252 315 252 neuron 0
328 212 351 212 351 245 328 245 neuron 0
341 200 364 200 364 235 341 235 neuron 0
329 237 353 237 353 272 329 272 neuron 0
359 252 380 252 380 288 359 288 neuron 0
372 247 393 247 393 283 372 283 neuron 0
340 255 364 255 364 285 340 285 neuron 0
365 307 390 307 390 348 365 348 neuron 0
385 304 408 304 408 343 385 343 neuron 0
409 305 435 305 435 340 409 340 neuron 0
427 307 454 307 454 343 427 343 neuron 0
480 518 506 518 506 558 480 558 neuron 0
499 539 522 539 522 576 499 576 neuron 0
507 559 529 559 529 593 507 593 neuron 0
520 555 541 555 541 595 520 595 neuron 0
513 581 535 581 535 624 513 624 neuron 0
264 198 291 198 291 238 264 238 neuron 0
580 421 604 421 604 456 580 456 neuron 0
575 403 598 403 598 435 575 435 neuron 0
595 397 618 397 618 432 595 432 neuron 0
608 383 631 383 631 415 608 415 neuron 0
616 446 638 446 638 482 616 482 neuron 0
591 364 613 364 613 399 591 399 neuron 0
576 357 600 357 600 396 576 396 neuron 0
379 175 404 175 404 211 379 211 neuron 0
364 178 386 178 386 218 364 218 neuron 0
366 140 389 140 389 177 366 177 neuron 0
399 126 424 126 424 162 399 162 neuron 0
406 100 429 100 429 137 406 137 neuron 0
421 108 447 108 447 144 421 144 neuron 0
415 124 436 124 436 160 415 160 neuron 0
409 148 431 148 431 183 409 183 neuron 0
432 79 459 79 459 115 432 115 neuron 0
442 47 466 47 466 84 442 84 neuron 0
449 79 473 79 473 119 449 119 neuron 0
494 105 516 105 516 140 494 140 neuron 0
526 95 554 95 554 129 526 129 neuron 0
521 115 548 115 548 151 521 151 neuron 0
587 88 611 88 611 125 587 125 neuron 0
578 171 603 171 603 212 578 212 neuron 0
575 145 599 145 599 183 575 183 neuron 0
593 172 618 172 618 212 593 212 neuron 0
604 185 628 185 628 231 604 231 neuron 0
619 204 640 204 640 241 619 241 neuron 0
391 18 414 18 414 58 391 58 neuron 0
364 25 388 25 388 60 364 60 neuron 0
188 153 214 153 214 191 188 191 neuron 0
180 132 202 132 202 164 180 164 neuron 0
244 160 268 160 268 195 244 195 neuron 0
244 52 272 52 272 92 244 92 neuron 0
298 77 323 77 323 119 298 119 neuron 0
352 0 381 0 381 44 352 44 neuron 0
263 175 289 175 289 209 263 209 neuron 0
19 173 41 173 41 211 19 211 neuron 0
16 115 39 115 39 155 16 155 neuron 0
44 110 65 110 65 146 44 146 neuron 0
224 407 247 407 247 444 224 444 neuron 0
440 456 468 456 468 492 440 492 neuron 0
561 606 595 606 595 640 561 640 neuron 0
330 515 356 515 356 551 330 551 neuron 0
364 559 387 559 387 593 364 593 neuron 0
363 581 389 581 389 612 363 612 neuron 0
358 551 378 551 378 583 358 583 neuron 0
372 95 392 95 392 128 372 128 neuron 0
384 93 406 93 406 128 384 128 neuron 0
405 81 430 81 430 115 405 115 neuron 0
396 78 416 78 416 118 396 118 neuron 0