6 452 30 452 30 489 6 489 neuron 0
55 356 83 356 83 395 55 395 neuron 0
66 316 94 316 94 353 66 353 neuron 0
75 331 99 331 99 365 75 365 neuron 0
92 327 115 327 115 363 92 363 neuron 0
111 239 137 239 137 280 111 280 neuron 0
126 236 148 236 148 273 126 273 neuron 0
133 320 155 320 155 360 133 360 neuron 0
146 315 169 315 169 360 146 360 neuron 0
162 220 187 220 187 256 162 256 neuron 0
169 204 193 204 193 239 169 239 neuron 0
201 199 227 199 227 233 201 233 neuron 0
176 417 198 417 198 463 176 463 neuron 0
187 439 211 439 211 480 187 480 neuron 0
193 489 218 489 218 524 193 524 neuron 0
178 500 207 500 207 541 178 541 neuron 0
223 544 249 544 249 583 223 583 neuron 0
243 519 265 519 265 559 243 559 neuron 0
290 560 311 560 311 600 290 600 neuron 0
303 567 328 567 328 605 303 605 neuron 0
304 540 331 540 331 579 304 579 neuron 0
256 524 278 524 278 556 256 556 neuron 0
258 502 280 502 280 538 258 538 neuron 0
260 481 284 481 284 516 260 516 neuron 0
275 479 299 479 299 512 275 512 neuron 0
275 456 296 456 296 489 275 489 neuron 0
263 466 285 466 285 494 263 494 neuron 0
293 480 319 480 319 515 293 515 neuron 0
298 503 321 503 321 540 298 540 neuron 0
229 568 255 568 255 600 229 600 neuron 0
292 376 317 376 317 411 292 411 neuron 0
295 293 319 293 319 331 295 331 neuron 0
203 311 232 311 232 348 203 348 neuron 0
239 219 270 219 270 260 239 260 neuron 0
361 375 386 375 386 415 361 415 neuron 0
380 315 408 315 408 344 380 344 neuron 0
387 331 411 331 411 364 387 364 neuron 0
365 279 388 279 388 316 365 316 neuron 0
379 276 401 276 401 309 379 309 neuron 0
384 292 408 292 408 328 384 328 neuron 0
400 303 423 303 423 337 400 337 neuron 0
405 280 431 280 431 317 405 317 neuron 0
415 524 443 524 443 561 415 561 neuron 0
455 500 483 500 483 532 455 532 neuron 0
466 525 493 525 493 560 466 560 neuron 0
453 540 477 540 477 572 453 572 neuron 0
462 556 486 556 486 595 462 595 neuron 0
481 559 506 559 506 599 481 599 neuron 0
515 428 541 428 541 464 515 464 neuron 0
495 368 518 368 518 409 495 409 neuron 0
584 573 608 573 608 616 584 616 neuron 0
584 549 607 549 607 584 584 584 neuron 0
442 236 469 236 469 273 442 273 neuron 0
456 276 479 276 479 311 456 311 neuron 0
481 213 503 213 503 251 481 251 neuron 0
492 220 517 220 517 255 492 255 neuron 0
490 275 515 275 515 311 490 311 neuron 0
498 295 521 295 521 327 498 327 neuron 0
583 262 612 262 612 302 583 302 neuron 0
445 98 469 98 469 134 445 134 neuron 0
437 116 462 116 462 156 437 156 neuron 0
437 19 463 19 463 60 437 60 neuron 0
523 11 547 11 547 51 523 51 neuron 0
577 84 604 84 604 124 577 124 neuron 0
590 125 611 125 611 164 590 164 neuron 0
581 148 603 148 603 191 581 191 neuron 0
557 169 581 169 581 204 557 204 neuron 0
606 175 630 175 630 217 606 217 neuron 0
621 177 640 177 640 215 621 215 neuron 0
620 203 640 203 640 239 620 239 neuron 0
609 210 631 210 631 250 609 250 neuron 0
107 164 133 164 133 203 107 203 neuron 0
114 140 137 140 137 175 114 175 neuron 0
116 116 138 116 138 152 116 152 neuron 0
106 3 130 3 130 43 106 43 neuron 0
115 23 142 23 142 65 115 65 neuron 0
126 67 152 67 152 105 126 105 neuron 0
140 83 162 83 162 124 140 124 neuron 0
152 88 176 88 176 128 152 128 neuron 0
163 110 188 110 188 150 163 150 neuron 0
222 115 245 115 245 152 222 152 neuron 0
237 124 264 124 264 164 237 164 neuron 0
293 84 318 84 318 121 293 121 neuron 0
358 12 385 12 385 52 358 52 neuron 0
367 66 394 66 394 102 367 102 neuron 0
76 136 102 136 102 173 76 173 neuron 0