72 542 96 542 96 578 72 578 neuron 0
78 571 105 571 105 620 78 620 neuron 0
108 541 135 541 135 579 108 579 neuron 0
148 560 172 560 172 599 148 599 neuron 0
158 548 183 548 183 588 158 588 neuron 0
141 584 166 584 166 612 141 612 neuron 0
215 558 248 558 248 594 215 594 neuron 0
265 563 291 563 291 596 265 596 neuron 0
76 389 102 389 102 435 76 435 neuron 0
69 412 92 412 92 449 69 449 neuron 0
78 331 106 331 106 373 78 373 neuron 0
128 374 162 374 162 422 128 422 neuron 0
34 291 60 291 60 332 34 332 neuron 0
51 299 79 299 79 337 51 337 neuron 0
12 251 36 251 36 292 12 292 neuron 0
27 205 55 205 55 248 27 248 neuron 0
209 365 235 365 235 403 209 403 neuron 0
248 344 276 344 276 381 248 381 neuron 0
246 437 275 437 275 479 246 479 neuron 0
187 261 216 261 216 299 187 299 neuron 0
183 229 211 229 211 268 183 268 neuron 0
198 244 221 244 221 280 198 280 neuron 0
213 247 240 247 240 285 213 285 neuron 0
212 272 239 272 239 307 212 307 neuron 0
318 547 344 547 344 579 318 579 neuron 0
343 575 369 575 369 609 343 609 neuron 0
493 408 520 408 520 443 493 443 neuron 0
479 419 504 419 504 455 479 455 neuron 0
479 392 503 392 503 429 479 429 neuron 0
520 391 546 391 546 428 520 428 neuron 0
500 220 525 220 525 257 500 257 neuron 0
374 199 403 199 403 240 374 240 neuron 0
437 257 464 257 464 300 437 300 neuron 0
395 232 418 232 418 268 395 268 neuron 0
403 249 427 249 427 288 403 288 neuron 0
446 239 469 239 469 276 446 276 neuron 0
460 252 485 252 485 288 460 288 neuron 0
612 280 634 280 634 316 612 316 neuron 0
613 308 638 308 638 352 613 352 neuron 0
616 429 640 429 640 471 616 471 neuron 0
608 172 633 172 633 213 608 213 neuron 0
599 159 622 159 622 193 599 193 neuron 0
576 171 601 171 601 211 576 211 neuron 0
494 139 519 139 519 177 494 177 neuron 0
612 93 636 93 636 132 612 132 neuron 0
596 48 621 48 621 83 596 83 neuron 0
404 55 430 55 430 91 404 91 neuron 0
228 54 255 54 255 94 228 94 neuron 0
259 209 295 209 295 251 259 251 neuron 0
331 56 357 56 357 97 331 97 neuron 0
334 104 361 104 361 149 334 149 neuron 0
337 139 361 139 361 175 337 175 neuron 0
343 160 369 160 369 195 343 195 neuron 0
365 127 395 127 395 165 365 165 neuron 0
349 180 378 180 378 217 349 217 neuron 0
329 157 353 157 353 195 329 195 neuron 0
23 152 51 152 51 191 23 191 neuron 0
55 55 79 55 79 93 55 93 neuron 0
41 41 71 41 71 83 41 83 neuron 0
84 27 108 27 108 67 84 67 neuron 0
104 164 128 164 128 201 104 201 neuron 0
127 132 153 132 153 175 127 175 neuron 0