11 585 35 585 35 624 11 624 neuron 0
9 567 33 567 33 601 9 601 neuron 0
28 533 50 533 50 572 28 572 neuron 0
21 553 44 553 44 588 21 588 neuron 0
32 563 55 563 55 597 32 597 neuron 0
57 536 84 536 84 572 57 572 neuron 0
34 500 59 500 59 543 34 543 neuron 0
61 495 89 495 89 536 61 536 neuron 0
37 440 58 440 58 479 37 479 neuron 0
71 447 96 447 96 484 71 484 neuron 0
58 407 88 407 88 448 58 448 neuron 0
51 455 75 455 75 487 51 487 neuron 0
47 431 72 431 72 467 47 467 neuron 0
112 387 137 387 137 425 112 425 neuron 0
139 348 164 348 164 387 139 387 neuron 0
92 279 120 279 120 319 92 319 neuron 0
153 511 179 511 179 548 153 548 neuron 0
170 511 193 511 193 548 170 548 neuron 0
154 587 180 587 180 625 154 625 neuron 0
195 602 222 602 222 640 195 640 neuron 0
185 198 212 198 212 242 185 242 neuron 0
203 202 226 202 226 238 203 238 neuron 0
191 224 216 224 216 260 191 260 neuron 0
289 511 313 511 313 552 289 552 neuron 0
301 485 327 485 327 524 301 524 neuron 0
304 509 328 509 328 548 304 548 neuron 0
299 297 325 297 325 335 299 335 neuron 0
315 295 339 295 339 335 315 335 neuron 0
328 512 349 512 349 551 328 551 neuron 0
339 513 360 513 360 555 339 555 neuron 0
341 430 365 430 365 470 341 470 neuron 0
370 463 397 463 397 503 370 503 neuron 0
381 482 410 482 410 522 381 522 neuron 0
407 507 433 507 433 549 407 549 neuron 0
397 535 421 535 421 571 397 571 neuron 0
565 592 592 592 592 636 565 636 neuron 0
566 371 591 371 591 408 566 408 neuron 0
453 344 477 344 477 388 453 388 neuron 0
464 333 486 333 486 372 464 372 neuron 0
507 221 532 221 532 260 507 260 neuron 0
517 203 542 203 542 240 517 240 neuron 0
341 212 366 212 366 248 341 248 neuron 0
349 192 375 192 375 227 349 227 neuron 0
504 192 527 192 527 235 504 235 neuron 0
496 178 519 178 519 218 496 218 neuron 0
469 116 494 116 494 153 469 153 neuron 0
456 112 480 112 480 151 456 151 neuron 0
426 24 450 24 450 63 426 63 neuron 0
411 4 435 4 435 36 411 36 neuron 0
413 24 436 24 436 56 413 56 neuron 0
434 13 459 13 459 55 434 55 neuron 0
442 10 464 10 464 46 442 46 neuron 0
425 0 448 0 448 37 425 37 neuron 0
289 232 322 232 322 268 289 268 neuron 0
334 162 360 162 360 198 334 198 neuron 0
335 185 360 185 360 216 335 216 neuron 0
281 173 307 173 307 208 281 208 neuron 0
266 179 289 179 289 211 266 211 neuron 0
279 148 308 148 308 187 279 187 neuron 0
246 144 270 144 270 181 246 181 neuron 0
219 147 242 147 242 176 219 176 neuron 0
199 131 224 131 224 171 199 171 neuron 0
196 108 221 108 221 141 196 141 neuron 0
188 157 212 157 212 195 188 195 neuron 0
181 131 208 131 208 172 181 172 neuron 0
185 67 210 67 210 104 185 104 neuron 0
176 83 197 83 197 121 176 121 neuron 0
214 74 236 74 236 110 214 110 neuron 0
208 43 232 43 232 75 208 75 neuron 0
222 47 242 47 242 89 222 89 neuron 0