14 516 38 516 38 555 14 555 neuron 0
37 525 61 525 61 563 37 563 neuron 0
30 487 56 487 56 527 30 527 neuron 0
43 505 68 505 68 543 43 543 neuron 0
42 333 66 333 66 376 42 376 neuron 0
363 596 387 596 387 640 363 640 neuron 0
383 571 411 571 411 613 383 613 neuron 0
383 495 409 495 409 531 383 531 neuron 0
376 512 399 512 399 552 376 552 neuron 0
432 547 454 547 454 585 432 585 neuron 0
407 520 431 520 431 560 407 560 neuron 0
392 447 415 447 415 483 392 483 neuron 0
415 461 438 461 438 499 415 499 neuron 0
430 459 452 459 452 496 430 496 neuron 0
379 450 401 450 401 486 379 486 neuron 0
429 483 455 483 455 513 429 513 neuron 0
427 501 450 501 450 539 427 539 neuron 0
441 500 466 500 466 540 441 540 neuron 0
448 483 470 483 470 512 448 512 neuron 0
446 461 470 461 470 492 446 492 neuron 0
457 497 481 497 481 532 457 532 neuron 0
462 471 488 471 488 511 462 511 neuron 0
472 491 495 491 495 525 472 525 neuron 0
487 490 509 490 509 526 487 526 neuron 0
497 503 521 503 521 540 497 540 neuron 0
522 456 544 456 544 492 522 492 neuron 0
510 476 539 476 539 532 510 532 neuron 0
525 501 549 501 549 540 525 540 neuron 0
396 405 419 405 419 448 396 448 neuron 0
378 381 403 381 403 420 378 420 neuron 0
370 365 394 365 394 403 370 403 neuron 0
430 396 457 396 457 433 430 433 neuron 0
467 410 492 410 492 446 467 446 neuron 0
469 384 497 384 497 417 469 417 neuron 0
479 350 505 350 505 386 479 386 neuron 0
487 371 510 371 510 405 487 405 neuron 0
478 326 504 326 504 362 478 362 neuron 0
492 300 515 300 515 339 492 339 neuron 0
505 293 526 293 526 335 505 335 neuron 0
513 280 534 280 534 313 513 313 neuron 0
519 296 546 296 546 336 519 336 neuron 0
585 302 608 302 608 338 585 338 neuron 0
572 339 595 339 595 379 572 379 neuron 0
552 368 575 368 575 405 552 405 neuron 0
574 364 601 364 601 404 574 404 neuron 0
617 495 640 495 640 531 617 531 neuron 0
590 248 611 248 611 287 590 287 neuron 0
602 237 627 237 627 272 602 272 neuron 0
605 255 632 255 632 289 605 289 neuron 0
448 97 472 97 472 136 448 136 neuron 0
532 0 555 0 555 39 532 39 neuron 0
597 180 621 180 621 220 597 220 neuron 0
311 259 339 259 339 291 311 291 neuron 0
349 349 379 349 379 399 349 399 neuron 0
393 301 419 301 419 336 393 336 neuron 0
391 275 416 275 416 311 391 311 neuron 0
395 245 421 245 421 287 395 287 neuron 0
405 215 431 215 431 257 405 257 neuron 0
406 283 430 283 430 320 406 320 neuron 0
365 127 392 127 392 167 365 167 neuron 0
359 101 380 101 380 139 359 139 neuron 0
373 85 399 85 399 124 373 124 neuron 0
365 73 387 73 387 104 365 104 neuron 0
354 88 378 88 378 124 354 124 neuron 0
199 195 225 195 225 232 199 232 neuron 0
218 207 242 207 242 243 218 243 neuron 0
223 253 248 253 248 288 223 288 neuron 0
258 236 282 236 282 272 258 272 neuron 0
273 249 291 249 291 284 273 284 neuron 0
271 223 294 223 294 261 271 261 neuron 0
257 217 280 217 280 248 257 248 neuron 0
264 268 287 268 287 307 264 307 neuron 0
131 198 153 198 153 230 131 230 neuron 0
143 184 167 184 167 219 143 219 neuron 0
150 163 175 163 175 201 150 201 neuron 0
139 151 163 151 163 189 139 189 neuron 0
113 141 135 141 135 183 113 183 neuron 0
126 145 148 145 148 183 126 183 neuron 0
110 181 135 181 135 220 110 220 neuron 0
87 164 111 164 111 203 87 203 neuron 0
73 40 99 40 99 84 73 84 neuron 0
97 71 120 71 120 109 97 109 neuron 0
127 8 152 8 152 47 127 47 neuron 0
145 11 169 11 169 49 145 49 neuron 0
59 153 84 153 84 184 59 184 neuron 0
67 169 91 169 91 207 67 207 neuron 0
50 196 74 196 74 233 50 233 neuron 0
67 243 89 243 89 283 67 283 neuron 0
83 193 106 193 106 231 83 231 neuron 0
97 200 119 200 119 237 97 237 neuron 0
358 5 383 5 383 48 358 48 neuron 0