90 519 115 519 115 556 90 556 neuron 0
89 545 111 545 111 580 89 580 neuron 0
75 463 97 463 97 495 75 495 neuron 0
79 433 99 433 99 468 79 468 neuron 0
92 429 115 429 115 464 92 464 neuron 0
101 448 122 448 122 485 101 485 neuron 0
85 380 113 380 113 416 85 416 neuron 0
93 359 118 359 118 395 93 395 neuron 0
84 485 108 485 108 519 84 519 neuron 0
41 287 69 287 69 324 41 324 neuron 0
33 265 58 265 58 300 33 300 neuron 0
13 199 35 199 35 233 13 233 neuron 0
27 199 53 199 53 232 27 232 neuron 0
65 209 90 209 90 251 65 251 neuron 0
60 232 84 232 84 268 60 268 neuron 0
28 223 55 223 55 260 28 260 neuron 0
246 310 269 310 269 354 246 354 neuron 0
261 321 286 321 286 356 261 356 neuron 0
236 359 261 359 261 397 236 397 neuron 0
252 356 273 356 273 392 252 392 neuron 0
265 361 290 361 290 396 265 396 neuron 0
254 384 273 384 273 417 254 417 neuron 0
241 389 264 389 264 428 241 428 neuron 0
254 516 277 516 277 555 254 555 neuron 0
267 523 290 523 290 559 267 559 neuron 0
281 527 306 527 306 561 281 561 neuron 0
234 194 259 194 259 234 234 234 neuron 0
310 246 335 246 335 278 310 278 neuron 0
315 264 340 264 340 300 315 300 neuron 0
325 284 352 284 352 320 325 320 neuron 0
329 580 349 580 349 619 329 619 neuron 0
333 503 363 503 363 544 333 544 neuron 0
341 565 366 565 366 603 341 603 neuron 0
362 576 391 576 391 611 362 611 neuron 0
342 596 364 596 364 627 342 627 neuron 0
367 599 396 599 396 629 367 629 neuron 0
346 276 373 276 373 315 346 315 neuron 0
477 280 505 280 505 315 477 315 neuron 0
495 321 522 321 522 360 495 360 neuron 0
487 345 510 345 510 383 487 383 neuron 0
534 409 560 409 560 443 534 443 neuron 0
545 467 569 467 569 501 545 501 neuron 0
563 540 589 540 589 579 563 579 neuron 0
497 574 521 574 521 614 497 614 neuron 0
487 587 511 587 511 627 487 627 neuron 0
474 518 496 518 496 554 474 554 neuron 0
487 507 509 507 509 544 487 544 neuron 0
458 475 482 475 482 512 458 512 neuron 0
448 461 471 461 471 500 448 500 neuron 0
443 485 465 485 465 520 443 520 neuron 0
474 494 497 494 497 530 474 530 neuron 0
567 348 593 348 593 391 567 391 neuron 0
582 365 605 365 605 400 582 400 neuron 0
596 366 619 366 619 402 596 402 neuron 0
578 401 603 401 603 436 578 436 neuron 0
601 390 623 390 623 426 601 426 neuron 0
413 311 436 311 436 348 413 348 neuron 0
428 296 454 296 454 332 428 332 neuron 0
441 351 464 351 464 392 441 392 neuron 0
413 366 436 366 436 398 413 398 neuron 0
397 400 420 400 420 436 397 436 neuron 0
445 395 467 395 467 435 445 435 neuron 0
434 427 461 427 461 457 434 457 neuron 0
431 407 452 407 452 440 431 440 neuron 0
411 390 431 390 431 418 411 418 neuron 0
422 396 441 396 441 427 422 427 neuron 0
485 136 509 136 509 175 485 175 neuron 0
519 113 545 113 545 152 519 152 neuron 0
526 44 551 44 551 83 526 83 neuron 0
541 15 563 15 563 52 541 52 neuron 0
501 115 525 115 525 152 501 152 neuron 0
284 109 306 109 306 143 284 143 neuron 0
141 147 163 147 163 185 141 185 neuron 0
18 181 40 181 40 211 18 211 neuron 0
52 134 80 134 80 170 52 170 neuron 0
72 116 96 116 96 152 72 152 neuron 0
78 136 102 136 102 167 78 167 neuron 0
89 115 112 115 112 152 89 152 neuron 0
92 76 118 76 118 112 92 112 neuron 0
110 136 137 136 137 175 110 175 neuron 0
118 167 140 167 140 201 118 201 neuron 0