86 529 111 529 111 567 86 567 neuron 0
177 568 203 568 203 608 177 608 neuron 0
195 551 220 551 220 588 195 588 neuron 0
186 285 210 285 210 324 186 324 neuron 0
184 308 209 308 209 345 184 345 neuron 0
70 252 94 252 94 292 70 292 neuron 0
87 195 112 195 112 229 87 229 neuron 0
141 212 167 212 167 249 141 249 neuron 0
157 207 180 207 180 244 157 244 neuron 0
165 225 195 225 195 263 165 263 neuron 0
205 412 229 412 229 451 205 451 neuron 0
217 407 242 407 242 444 217 444 neuron 0
198 429 225 429 225 467 198 467 neuron 0
215 432 240 432 240 471 215 471 neuron 0
229 396 254 396 254 436 229 436 neuron 0
225 456 250 456 250 492 225 492 neuron 0
229 482 253 482 253 518 229 518 neuron 0
232 504 258 504 258 543 232 543 neuron 0
237 533 260 533 260 572 237 572 neuron 0
379 492 405 492 405 533 379 533 neuron 0
371 477 393 477 393 519 371 519 neuron 0
385 437 409 437 409 483 385 483 neuron 0
373 416 397 416 397 452 373 452 neuron 0
382 400 405 400 405 439 382 439 neuron 0
404 331 433 331 433 371 404 371 neuron 0
429 303 458 303 458 343 429 343 neuron 0
428 420 457 420 457 459 428 459 neuron 0
590 458 615 458 615 494 590 494 neuron 0
617 347 640 347 640 384 617 384 neuron 0
399 101 426 101 426 144 399 144 neuron 0
444 186 469 186 469 222 444 222 neuron 0
460 187 482 187 482 224 460 224 neuron 0
544 159 569 159 569 201 544 201 neuron 0
578 19 603 19 603 56 578 56 neuron 0
581 91 606 91 606 133 581 133 neuron 0
610 94 633 94 633 138 610 138 neuron 0
616 143 640 143 640 179 616 179 neuron 0
334 12 361 12 361 49 334 49 neuron 0
229 28 256 28 256 67 229 67 neuron 0
138 187 166 187 166 220 138 220 neuron 0
623 74 640 74 640 118 623 118 neuron 0