95 554 118 554 118 590 95 590 neuron 0
96 525 120 525 120 564 96 564 neuron 0
91 471 115 471 115 505 91 505 neuron 0
94 436 119 436 119 472 94 472 neuron 0
80 469 101 469 101 504 80 504 neuron 0
89 491 113 491 113 527 89 527 neuron 0
106 455 129 455 129 491 106 491 neuron 0
88 388 115 388 115 424 88 424 neuron 0
96 368 121 368 121 404 96 404 neuron 0
44 294 72 294 72 334 44 334 neuron 0
248 314 271 314 271 358 248 358 neuron 0
262 323 288 323 288 361 262 361 neuron 0
240 365 265 365 265 404 240 404 neuron 0
243 396 267 396 267 432 243 432 neuron 0
257 388 277 388 277 424 257 424 neuron 0
255 361 278 361 278 395 255 395 neuron 0
269 365 292 365 292 400 269 400 neuron 0
260 519 282 519 282 560 260 560 neuron 0
273 527 295 527 295 563 273 563 neuron 0
285 528 309 528 309 565 285 565 neuron 0
61 240 86 240 86 276 61 276 neuron 0
67 216 92 216 92 259 67 259 neuron 0
20 188 45 188 45 227 20 227 neuron 0
31 208 56 208 56 245 31 245 neuron 0
16 208 38 208 38 243 16 243 neuron 0
46 216 67 216 67 248 46 248 neuron 0
238 200 260 200 260 243 238 243 neuron 0
310 248 337 248 337 284 310 284 neuron 0
317 266 345 266 345 302 317 302 neuron 0
328 287 354 287 354 320 328 320 neuron 0
338 503 368 503 368 544 338 544 neuron 0
332 582 356 582 356 618 332 618 neuron 0
347 565 371 565 371 600 347 600 neuron 0
367 579 396 579 396 616 367 616 neuron 0
373 599 402 599 402 631 373 631 neuron 0
504 572 527 572 527 608 504 608 neuron 0
490 548 515 548 515 584 490 584 neuron 0
492 583 516 583 516 624 492 624 neuron 0
568 539 593 539 593 577 568 577 neuron 0
350 282 378 282 378 318 350 318 neuron 0
484 278 508 278 508 314 484 314 neuron 0
499 323 525 323 525 360 499 360 neuron 0
492 347 515 347 515 381 492 381 neuron 0
538 408 563 408 563 441 538 441 neuron 0
546 464 573 464 573 499 546 499 neuron 0
581 420 609 420 609 456 581 456 neuron 0
582 396 609 396 609 432 582 432 neuron 0
570 347 595 347 595 387 570 387 neuron 0
599 360 623 360 623 396 599 396 neuron 0
593 385 613 385 613 415 593 415 neuron 0
604 385 626 385 626 423 604 423 neuron 0
478 491 503 491 503 529 478 529 neuron 0
479 516 502 516 502 552 479 552 neuron 0
492 507 513 507 513 544 492 544 neuron 0
462 474 485 474 485 510 462 510 neuron 0
452 462 476 462 476 498 452 498 neuron 0
446 486 471 486 471 522 446 522 neuron 0
438 427 464 427 464 457 438 457 neuron 0
450 395 471 395 471 435 450 435 neuron 0
433 365 455 365 455 404 433 404 neuron 0
445 355 467 355 467 392 445 392 neuron 0
417 315 441 315 441 349 417 349 neuron 0
432 296 458 296 458 331 432 331 neuron 0
526 44 550 44 550 83 526 83 neuron 0
541 13 563 13 563 51 541 51 neuron 0
523 114 544 114 544 150 523 150 neuron 0
489 134 510 134 510 174 489 174 neuron 0
502 116 524 116 524 152 502 152 neuron 0
389 0 417 0 417 36 389 36 neuron 0
281 124 306 124 306 163 281 163 neuron 0
140 154 166 154 166 194 140 194 neuron 0
52 141 79 141 79 179 52 179 neuron 0
88 123 116 123 116 161 88 161 neuron 0
113 143 138 143 138 180 113 180 neuron 0
116 172 141 172 141 209 116 209 neuron 0