7 427 36 427 36 468 7 468 neuron 0
20 452 41 452 41 488 20 488 neuron 0
10 471 34 471 34 508 10 508 neuron 0
24 490 48 490 48 530 24 530 neuron 0
37 567 64 567 64 609 37 609 neuron 0
38 319 64 319 64 348 38 348 neuron 0
48 279 75 279 75 311 48 311 neuron 0
62 291 85 291 85 328 62 328 neuron 0
177 412 204 412 204 448 177 448 neuron 0
223 332 250 332 250 369 223 369 neuron 0
244 388 272 388 272 425 244 425 neuron 0
224 380 251 380 251 416 224 416 neuron 0
214 384 238 384 238 420 214 420 neuron 0
226 567 254 567 254 603 226 603 neuron 0
214 580 238 580 238 613 214 613 neuron 0
236 552 260 552 260 584 236 584 neuron 0
268 521 291 521 291 560 268 560 neuron 0
282 509 303 509 303 544 282 544 neuron 0
292 468 314 468 314 504 292 504 neuron 0
278 464 301 464 301 504 278 504 neuron 0
266 428 294 428 294 464 266 464 neuron 0
249 312 274 312 274 345 249 345 neuron 0
285 354 309 354 309 394 285 394 neuron 0
273 332 296 332 296 369 273 369 neuron 0
284 279 308 279 308 317 284 317 neuron 0
278 388 303 388 303 424 278 424 neuron 0
309 308 337 308 337 344 309 344 neuron 0
324 292 352 292 352 332 324 332 neuron 0
338 415 362 415 362 455 338 455 neuron 0
325 416 348 416 348 453 325 453 neuron 0
313 449 336 449 336 488 313 488 neuron 0
355 565 382 565 382 599 355 599 neuron 0
343 587 367 587 367 620 343 620 neuron 0
360 590 387 590 387 630 360 630 neuron 0
379 596 402 596 402 632 379 632 neuron 0
392 591 417 591 417 628 392 628 neuron 0
405 576 430 576 430 607 405 607 neuron 0
438 555 463 555 463 593 438 593 neuron 0
428 547 448 547 448 583 428 583 neuron 0
453 540 476 540 476 575 453 575 neuron 0
464 499 488 499 488 536 464 536 neuron 0
451 446 474 446 474 486 451 486 neuron 0
478 439 501 439 501 477 478 477 neuron 0
371 291 397 291 397 329 371 329 neuron 0
383 276 409 276 409 313 383 313 neuron 0
408 311 432 311 432 349 408 349 neuron 0
423 315 445 315 445 352 423 352 neuron 0
453 349 476 349 476 387 453 387 neuron 0
465 296 486 296 486 333 465 333 neuron 0
468 381 494 381 494 419 468 419 neuron 0
486 381 510 381 510 416 486 416 neuron 0
561 543 584 543 584 579 561 579 neuron 0
554 388 581 388 581 423 554 423 neuron 0
547 311 574 311 574 347 547 347 neuron 0
475 9 498 9 498 44 475 44 neuron 0
545 67 572 67 572 111 545 111 neuron 0
563 80 587 80 587 116 563 116 neuron 0
569 100 591 100 591 132 569 132 neuron 0
612 80 635 80 635 117 612 117 neuron 0
609 116 637 116 637 163 609 163 neuron 0
537 119 561 119 561 155 537 155 neuron 0
555 120 579 120 579 160 555 160 neuron 0
544 145 569 145 569 179 544 179 neuron 0
542 195 567 195 567 232 542 232 neuron 0
525 212 549 212 549 249 525 249 neuron 0
587 255 613 255 613 292 587 292 neuron 0
17 182 41 182 41 222 17 222 neuron 0
229 184 255 184 255 224 229 224 neuron 0
220 156 244 156 244 192 220 192 neuron 0
205 147 229 147 229 187 205 187 neuron 0
249 158 275 158 275 194 249 194 neuron 0
257 181 281 181 281 216 257 216 neuron 0
256 201 280 201 280 240 256 240 neuron 0
101 63 126 63 126 101 101 101 neuron 0
115 69 139 69 139 104 115 104 neuron 0
144 85 169 85 169 124 144 124 neuron 0
121 48 146 48 146 81 121 81 neuron 0
137 45 161 45 161 84 137 84 neuron 0
137 28 162 28 162 59 137 59 neuron 0
175 24 199 24 199 59 175 59 neuron 0
189 29 215 29 215 64 189 64 neuron 0
208 11 232 11 232 51 208 51 neuron 0
154 47 183 47 183 80 154 80 neuron 0
173 46 197 46 197 82 173 82 neuron 0