7 475 30 475 30 509 7 509 neuron 0
5 559 28 559 28 600 5 600 neuron 0
32 490 54 490 54 526 32 526 neuron 0
50 582 74 582 74 618 50 618 neuron 0
42 478 61 478 61 514 42 514 neuron 0
65 584 88 584 88 620 65 620 neuron 0
38 597 62 597 62 636 38 636 neuron 0
106 593 132 593 132 627 106 627 neuron 0
102 539 129 539 129 576 102 576 neuron 0
72 502 96 502 96 542 72 542 neuron 0
2 443 24 443 24 484 2 484 neuron 0
33 410 59 410 59 446 33 446 neuron 0
32 388 56 388 56 423 32 423 neuron 0
29 335 53 335 53 376 29 376 neuron 0
40 191 66 191 66 232 40 232 neuron 0
84 329 105 329 105 367 84 367 neuron 0
105 307 127 307 127 345 105 345 neuron 0
107 338 131 338 131 374 107 374 neuron 0
95 350 117 350 117 386 95 386 neuron 0
92 373 115 373 115 407 92 407 neuron 0
96 393 116 393 116 428 96 428 neuron 0
87 416 112 416 112 448 87 448 neuron 0
172 351 198 351 198 388 172 388 neuron 0
151 438 177 438 177 474 151 474 neuron 0
190 581 216 581 216 620 190 620 neuron 0
230 558 255 558 255 594 230 594 neuron 0
224 539 247 539 247 573 224 573 neuron 0
236 330 260 330 260 370 236 370 neuron 0
240 391 267 391 267 433 240 433 neuron 0
263 467 285 467 285 504 263 504 neuron 0
286 468 310 468 310 504 286 504 neuron 0
280 493 304 493 304 528 280 528 neuron 0
270 507 294 507 294 545 270 545 neuron 0
289 520 314 520 314 561 289 561 neuron 0
571 466 592 466 592 506 571 506 neuron 0
582 461 609 461 609 508 582 508 neuron 0
613 454 638 454 638 498 613 498 neuron 0
573 359 602 359 602 403 573 403 neuron 0
602 306 625 306 625 346 602 346 neuron 0
576 263 600 263 600 300 576 300 neuron 0
564 284 588 284 588 320 564 320 neuron 0
619 252 640 252 640 289 619 289 neuron 0
538 191 562 191 562 229 538 229 neuron 0
542 220 568 220 568 257 542 257 neuron 0
538 244 563 244 563 281 538 281 neuron 0
545 262 567 262 567 298 545 298 neuron 0
454 248 478 248 478 280 454 280 neuron 0
430 271 455 271 455 307 430 307 neuron 0
416 261 440 261 440 299 416 299 neuron 0
410 295 435 295 435 335 410 335 neuron 0
400 311 422 311 422 341 400 341 neuron 0
380 303 407 303 407 336 380 336 neuron 0
345 344 367 344 367 383 345 383 neuron 0
352 380 378 380 378 411 352 411 neuron 0
361 410 383 410 383 450 361 450 neuron 0
411 379 435 379 435 415 411 415 neuron 0
403 340 428 340 428 375 403 375 neuron 0
422 328 447 328 447 360 422 360 neuron 0
429 347 450 347 450 377 429 377 neuron 0
398 203 421 203 421 241 398 241 neuron 0
303 103 331 103 331 139 303 139 neuron 0
313 226 339 226 339 262 313 262 neuron 0
367 179 391 179 391 221 367 221 neuron 0
391 181 414 181 414 219 391 219 neuron 0
403 109 426 109 426 144 403 144 neuron 0
348 101 379 101 379 139 348 139 neuron 0
345 76 373 76 373 112 345 112 neuron 0
333 91 358 91 358 125 333 125 neuron 0
429 52 451 52 451 87 429 87 neuron 0
438 35 464 35 464 75 438 75 neuron 0
449 19 472 19 472 52 449 52 neuron 0
506 76 531 76 531 109 506 109 neuron 0
622 84 640 84 640 120 622 120 neuron 0
534 53 558 53 558 88 534 88 neuron 0
89 177 115 177 115 216 89 216 neuron 0
122 143 148 143 148 176 122 176 neuron 0
36 143 59 143 59 176 36 176 neuron 0
44 120 70 120 70 157 44 157 neuron 0
59 136 85 136 85 172 59 172 neuron 0
11 104 39 104 39 137 11 137 neuron 0
5 123 29 123 29 153 5 153 neuron 0
167 107 193 107 193 140 167 140 neuron 0
226 69 256 69 256 112 226 112 neuron 0
263 10 291 10 291 50 263 50 neuron 0
181 104 203 104 203 139 181 139 neuron 0
191 123 213 123 213 153 191 153 neuron 0
192 141 214 141 214 176 192 176 neuron 0
172 155 195 155 195 187 172 187 neuron 0
174 175 199 175 199 211 174 211 neuron 0
190 180 213 180 213 216 190 216 neuron 0
224 181 247 181 247 219 224 219 neuron 0
239 171 263 171 263 209 239 209 neuron 0
255 187 279 187 279 223 255 223 neuron 0
237 197 263 197 263 227 237 227 neuron 0
199 211 221 211 221 248 199 248 neuron 0