205 600 230 600 230 635 205 635 neuron 0
175 259 202 259 202 303 175 303 neuron 0
153 272 177 272 177 311 153 311 neuron 0
143 293 168 293 168 328 143 328 neuron 0
158 298 184 298 184 334 158 334 neuron 0
154 320 179 320 179 353 154 353 neuron 0
198 352 222 352 222 387 198 387 neuron 0
198 373 221 373 221 411 198 411 neuron 0
215 392 239 392 239 427 215 427 neuron 0
224 376 251 376 251 416 224 416 neuron 0
211 364 234 364 234 403 211 403 neuron 0
220 356 247 356 247 388 220 388 neuron 0
316 457 341 457 341 496 316 496 neuron 0
465 494 491 494 491 534 465 534 neuron 0
483 612 505 612 505 640 483 640 neuron 0
553 612 580 612 580 640 553 640 neuron 0
616 552 640 552 640 587 616 587 neuron 0
614 557 625 557 625 572 614 572 neuron 0
379 249 406 249 406 287 379 287 neuron 0
393 265 420 265 420 304 393 304 neuron 0
440 255 466 255 466 297 440 297 neuron 0
424 295 451 295 451 331 424 331 neuron 0
419 352 443 352 443 392 419 392 neuron 0
445 349 472 349 472 387 445 387 neuron 0
465 328 493 328 493 368 465 368 neuron 0
509 265 535 265 535 304 509 304 neuron 0
569 407 591 407 591 448 569 448 neuron 0
415 576 442 576 442 613 415 613 neuron 0
414 555 437 555 437 589 414 589 neuron 0
389 552 415 552 415 587 389 587 neuron 0
353 557 378 557 378 592 353 592 neuron 0
381 565 405 565 405 603 381 603 neuron 0
412 600 439 600 439 636 412 636 neuron 0
305 155 331 155 331 191 305 191 neuron 0
320 176 347 176 347 209 320 209 neuron 0
327 196 350 196 350 231 327 231 neuron 0
564 232 588 232 588 267 564 267 neuron 0
294 152 316 152 316 192 294 192 neuron 0
255 56 282 56 282 92 255 92 neuron 0
73 120 97 120 97 159 73 159 neuron 0
83 89 107 89 107 128 83 128 neuron 0
97 61 120 61 120 100 97 100 neuron 0