116 315 142 315 142 353 116 353 neuron 0
126 302 153 302 153 338 126 338 neuron 0
165 207 188 207 188 245 165 245 neuron 0
173 347 199 347 199 381 173 381 neuron 0
156 367 179 367 179 403 156 403 neuron 0
183 367 206 367 206 400 183 400 neuron 0
158 388 187 388 187 431 158 431 neuron 0
175 380 201 380 201 421 175 421 neuron 0
187 387 212 387 212 428 187 428 neuron 0
193 408 221 408 221 444 193 444 neuron 0
213 431 239 431 239 471 213 471 neuron 0
212 453 236 453 236 487 212 487 neuron 0
260 496 284 496 284 533 260 533 neuron 0
259 520 285 520 285 560 259 560 neuron 0
152 321 175 321 175 355 152 355 neuron 0
196 330 222 330 222 370 196 370 neuron 0
229 321 255 321 255 360 229 360 neuron 0
219 260 245 260 245 295 219 295 neuron 0
216 236 241 236 241 272 216 272 neuron 0
329 512 355 512 355 551 329 551 neuron 0
364 577 389 577 389 612 364 612 neuron 0
360 558 388 558 388 590 360 590 neuron 0
254 287 278 287 278 323 254 323 neuron 0
252 311 276 311 276 341 252 341 neuron 0
240 312 261 312 261 345 240 345 neuron 0
268 293 291 293 291 332 268 332 neuron 0
255 255 278 255 278 293 255 293 neuron 0
280 273 304 273 304 312 280 312 neuron 0
263 228 288 228 288 260 263 260 neuron 0
277 208 303 208 303 245 277 245 neuron 0
299 225 321 225 321 263 299 263 neuron 0
311 215 332 215 332 249 311 249 neuron 0
324 215 350 215 350 251 324 251 neuron 0
322 240 347 240 347 276 322 276 neuron 0
333 258 359 258 359 290 333 290 neuron 0
334 294 358 294 358 330 334 330 neuron 0
360 308 387 308 387 345 360 345 neuron 0
380 304 404 304 404 344 380 344 neuron 0
406 301 432 301 432 336 406 336 neuron 0
424 303 450 303 450 337 424 337 neuron 0
358 177 383 177 383 216 358 216 neuron 0
355 251 375 251 375 288 355 288 neuron 0
365 244 388 244 388 287 365 287 neuron 0
374 174 398 174 398 214 374 214 neuron 0
366 92 386 92 386 128 366 128 neuron 0
377 91 401 91 401 125 377 125 neuron 0
388 76 410 76 410 113 388 113 neuron 0
401 81 424 81 424 115 401 115 neuron 0
399 104 422 104 422 139 399 139 neuron 0
395 127 418 127 418 159 395 159 neuron 0
408 120 429 120 429 159 408 159 neuron 0
416 105 440 105 440 140 416 140 neuron 0
402 145 425 145 425 179 402 179 neuron 0
240 164 263 164 263 201 240 201 neuron 0
257 177 282 177 282 216 257 216 neuron 0
260 203 286 203 286 237 260 237 neuron 0
239 53 264 53 264 96 239 96 neuron 0
292 76 316 76 316 124 292 124 neuron 0
357 23 379 23 379 59 357 59 neuron 0
382 15 405 15 405 53 382 53 neuron 0
435 47 459 47 459 81 435 81 neuron 0
359 137 381 137 381 176 359 176 neuron 0
426 76 451 76 451 111 426 111 neuron 0
442 75 466 75 466 112 442 112 neuron 0
487 96 512 96 512 131 487 131 neuron 0
514 104 541 104 541 139 514 139 neuron 0
517 84 544 84 544 119 517 119 neuron 0
438 451 465 451 465 488 438 488 neuron 0
481 513 508 513 508 551 481 551 neuron 0
501 531 523 531 523 569 501 569 neuron 0
508 555 531 555 531 585 508 585 neuron 0
521 552 542 552 542 589 521 589 neuron 0
513 572 536 572 536 619 513 619 neuron 0
518 605 543 605 543 640 518 640 neuron 0
573 389 597 389 597 424 573 424 neuron 0
579 408 603 408 603 443 579 443 neuron 0
572 345 598 345 598 384 572 384 neuron 0
587 353 612 353 612 387 587 387 neuron 0
594 386 617 386 617 422 594 422 neuron 0
605 371 628 371 628 405 605 405 neuron 0
614 434 636 434 636 470 614 470 neuron 0
607 395 631 395 631 432 607 432 neuron 0
580 75 603 75 603 113 580 113 neuron 0
569 136 593 136 593 171 569 171 neuron 0
577 147 603 147 603 179 577 179 neuron 0
587 167 611 167 611 201 587 201 neuron 0
599 177 623 177 623 216 599 216 neuron 0
613 192 637 192 637 227 613 227 neuron 0
343 2 370 2 370 42 343 42 neuron 0
9 127 31 127 31 167 9 167 neuron 0
12 183 35 183 35 224 12 224 neuron 0
9 251 37 251 37 288 9 288 neuron 0
12 276 36 276 36 309 12 309 neuron 0
25 263 50 263 50 297 25 297 neuron 0
66 264 92 264 92 304 66 304 neuron 0
173 140 198 140 198 173 173 173 neuron 0
183 164 208 164 208 200 183 200 neuron 0