58 423 84 423 84 457 58 457 neuron 0
14 232 40 232 40 268 14 268 neuron 0
28 243 53 243 53 276 28 276 neuron 0
17 257 38 257 38 292 17 292 neuron 0
31 264 54 264 54 295 31 295 neuron 0
65 244 92 244 92 285 65 285 neuron 0
118 295 144 295 144 335 118 335 neuron 0
136 324 164 324 164 360 136 360 neuron 0
155 303 178 303 178 337 155 337 neuron 0
172 332 202 332 202 361 172 361 neuron 0
167 319 190 319 190 349 167 349 neuron 0
158 351 180 351 180 387 158 387 neuron 0
172 348 193 348 193 384 172 384 neuron 0
176 367 204 367 204 405 176 405 neuron 0
160 373 187 373 187 415 160 415 neuron 0
183 351 209 351 209 387 183 387 neuron 0
190 375 212 375 212 409 190 409 neuron 0
197 393 222 393 222 431 197 431 neuron 0
213 419 240 419 240 459 213 459 neuron 0
212 441 236 441 236 475 212 475 neuron 0
261 481 285 481 285 523 261 523 neuron 0
260 508 285 508 285 545 260 545 neuron 0
331 503 356 503 356 539 331 539 neuron 0
199 312 225 312 225 352 199 352 neuron 0
231 308 256 308 256 344 231 344 neuron 0
221 221 246 221 246 256 221 256 neuron 0
223 244 247 244 247 279 223 279 neuron 0
239 269 263 269 263 303 239 303 neuron 0
256 292 281 292 281 325 256 325 neuron 0
258 268 282 268 282 304 258 304 neuron 0
260 239 282 239 282 276 260 276 neuron 0
284 257 308 257 308 295 284 295 neuron 0
272 279 295 279 295 316 272 316 neuron 0
335 280 363 280 363 319 335 319 neuron 0
170 187 193 187 193 225 170 225 neuron 0
130 284 155 284 155 320 130 320 neuron 0
341 604 368 604 368 640 341 640 neuron 0
364 565 389 565 389 600 364 600 neuron 0
362 546 388 546 388 578 362 578 neuron 0
438 441 469 441 469 479 438 479 neuron 0
481 507 508 507 508 545 481 545 neuron 0
500 524 522 524 522 564 500 564 neuron 0
507 548 530 548 530 583 507 583 neuron 0
521 544 541 544 541 587 521 587 neuron 0
514 573 536 573 536 615 514 615 neuron 0
575 346 601 346 601 382 575 382 neuron 0
591 350 617 350 617 386 591 386 neuron 0
607 368 632 368 632 404 607 404 neuron 0
594 385 616 385 616 420 594 420 neuron 0
572 388 598 388 598 423 572 423 neuron 0
580 405 604 405 604 440 580 440 neuron 0
608 396 633 396 633 431 608 431 neuron 0
614 434 637 434 637 470 614 470 neuron 0
363 298 388 298 388 338 363 338 neuron 0
383 294 408 294 408 334 383 334 neuron 0
408 292 435 292 435 327 408 327 neuron 0
426 295 452 295 452 331 426 331 neuron 0
370 235 394 235 394 275 370 275 neuron 0
358 240 379 240 379 280 358 280 neuron 0
338 241 363 241 363 275 338 275 neuron 0
398 115 422 115 422 149 398 149 neuron 0
404 91 428 91 428 128 404 128 neuron 0
413 111 436 111 436 147 413 147 neuron 0
422 92 447 92 447 131 422 131 neuron 0
406 69 432 69 432 104 406 104 neuron 0
381 82 406 82 406 114 381 114 neuron 0
394 68 416 68 416 105 394 105 neuron 0
371 81 391 81 391 116 371 116 neuron 0
364 11 388 11 388 47 364 47 neuron 0
390 3 413 3 413 47 390 47 neuron 0
442 35 468 35 468 68 442 68 neuron 0
433 63 456 63 456 100 433 100 neuron 0
448 69 472 69 472 108 448 108 neuron 0
492 95 518 95 518 129 492 129 neuron 0
522 101 549 101 549 139 522 139 neuron 0
588 76 609 76 609 115 588 115 neuron 0
569 154 589 154 589 186 569 186 neuron 0
577 133 598 133 598 171 577 171 neuron 0
589 147 609 147 609 179 589 179 neuron 0
591 161 617 161 617 200 591 200 neuron 0
604 172 630 172 630 216 604 216 neuron 0
618 189 640 189 640 227 618 227 neuron 0
524 82 552 82 552 118 524 118 neuron 0
246 43 270 43 270 80 246 80 neuron 0
188 142 215 142 215 182 188 182 neuron 0
178 121 201 121 201 155 178 155 neuron 0
244 151 267 151 267 184 244 184 neuron 0
298 65 323 65 323 108 298 108 neuron 0
262 164 291 164 291 200 262 200 neuron 0
263 187 291 187 291 223 263 223 neuron 0
270 212 292 212 292 247 270 247 neuron 0
281 196 307 196 307 231 281 231 neuron 0
304 211 328 211 328 249 304 249 neuron 0
338 211 363 211 363 245 338 245 neuron 0
328 200 353 200 353 235 328 235 neuron 0
328 229 353 229 353 263 328 263 neuron 0
315 204 338 204 338 236 315 236 neuron 0
342 188 365 188 365 223 342 223 neuron 0
362 165 386 165 386 208 362 208 neuron 0
379 161 403 161 403 199 379 199 neuron 0
371 185 393 185 393 219 371 219 neuron 0
15 160 39 160 39 201 15 201 neuron 0
14 103 38 103 38 141 14 141 neuron 0
564 597 592 597 592 635 564 635 neuron 0