37 136 60 136 60 172 37 172 neuron 0
45 114 72 114 72 154 45 154 neuron 0
41 183 68 183 68 221 41 221 neuron 0
89 172 117 172 117 212 89 212 neuron 0
123 136 151 136 151 172 123 172 neuron 0
30 327 53 327 53 368 30 368 neuron 0
32 379 56 379 56 415 32 415 neuron 0
33 404 58 404 58 437 33 437 neuron 0
93 391 117 391 117 425 93 425 neuron 0
95 343 118 343 118 380 95 380 neuron 0
96 369 117 369 117 403 96 403 neuron 0
83 323 107 323 107 361 83 361 neuron 0
107 333 132 333 132 367 107 367 neuron 0
88 412 112 412 112 447 88 447 neuron 0
105 299 129 299 129 340 105 340 neuron 0
171 344 198 344 198 381 171 381 neuron 0
236 323 259 323 259 363 236 363 neuron 0
242 385 266 385 266 427 242 427 neuron 0
176 168 199 168 199 204 176 204 neuron 0
189 199 213 199 213 232 189 232 neuron 0
199 208 221 208 221 241 199 241 neuron 0
224 176 249 176 249 213 224 213 neuron 0
240 166 263 166 263 202 240 202 neuron 0
255 181 279 181 279 215 255 215 neuron 0
304 98 332 98 332 134 304 134 neuron 0
348 72 374 72 374 109 348 109 neuron 0
333 83 359 83 359 121 333 121 neuron 0
351 98 380 98 380 134 351 134 neuron 0
404 101 427 101 427 140 404 140 neuron 0
369 172 391 172 391 215 369 215 neuron 0
314 220 337 220 337 257 314 257 neuron 0
393 176 417 176 417 212 393 212 neuron 0
399 197 423 197 423 236 399 236 neuron 0
416 257 440 257 440 295 416 295 neuron 0
429 267 454 267 454 301 429 301 neuron 0
453 243 479 243 479 279 453 279 neuron 0
358 404 383 404 383 444 358 444 neuron 0
345 339 368 339 368 376 345 376 neuron 0
352 373 376 373 376 407 352 407 neuron 0
400 307 423 307 423 337 400 337 neuron 0
412 292 436 292 436 331 412 331 neuron 0
575 356 601 356 601 399 575 399 neuron 0
546 256 569 256 569 292 546 292 neuron 0
539 240 563 240 563 276 539 276 neuron 0
544 215 568 215 568 252 544 252 neuron 0
539 188 563 188 563 224 539 224 neuron 0
566 277 591 277 591 319 566 319 neuron 0
575 262 602 262 602 298 575 298 neuron 0
603 303 627 303 627 343 603 343 neuron 0
449 15 473 15 473 49 449 49 neuron 0
441 31 465 31 465 67 441 67 neuron 0
429 47 453 47 453 81 429 81 neuron 0
510 71 533 71 533 104 510 104 neuron 0
537 49 559 49 559 84 537 84 neuron 0
5 468 28 468 28 505 5 505 neuron 0
31 484 53 484 53 521 31 521 neuron 0
38 473 60 473 60 508 38 508 neuron 0
46 576 71 576 71 616 46 616 neuron 0
37 597 60 597 60 635 37 635 neuron 0
64 581 87 581 87 619 64 619 neuron 0
70 499 93 499 93 543 70 543 neuron 0
102 533 129 533 129 575 102 575 neuron 0
106 595 130 595 130 631 106 631 neuron 0
151 431 176 431 176 472 151 472 neuron 0
189 583 212 583 212 624 189 624 neuron 0
227 552 253 552 253 593 227 593 neuron 0
261 463 287 463 287 501 261 501 neuron 0
286 462 310 462 310 502 286 502 neuron 0
222 535 247 535 247 571 222 571 neuron 0
270 502 295 502 295 542 270 542 neuron 0
280 487 302 487 302 524 280 524 neuron 0
568 465 593 465 593 503 568 503 neuron 0
582 457 607 457 607 500 582 500 neuron 0
614 451 639 451 639 493 614 493 neuron 0
596 605 620 605 620 640 596 640 neuron 0
411 375 435 375 435 413 411 413 neuron 0
264 4 289 4 289 45 264 45 neuron 0
227 64 259 64 259 108 227 108 neuron 0
172 147 196 147 196 183 172 183 neuron 0
190 116 211 116 211 151 190 151 neuron 0
191 136 216 136 216 169 191 169 neuron 0