86 518 111 518 111 554 86 554 neuron 0
82 472 107 472 107 512 82 512 neuron 0
98 460 122 460 122 499 98 499 neuron 0
99 438 122 438 122 474 99 474 neuron 0
90 417 114 417 114 456 90 456 neuron 0
107 415 133 415 133 451 107 451 neuron 0
112 468 132 468 132 504 112 504 neuron 0
86 500 110 500 110 531 86 531 neuron 0
98 484 120 484 120 516 98 516 neuron 0
138 512 161 512 161 549 138 549 neuron 0
137 536 160 536 160 575 137 575 neuron 0
129 580 151 580 151 619 129 619 neuron 0
129 605 154 605 154 640 129 640 neuron 0
167 558 194 558 194 590 167 590 neuron 0
173 531 199 531 199 567 173 567 neuron 0
146 372 170 372 170 408 146 408 neuron 0
161 384 186 384 186 423 161 423 neuron 0
172 340 197 340 197 377 172 377 neuron 0
160 317 184 317 184 355 160 355 neuron 0
174 309 199 309 199 344 174 344 neuron 0
197 362 223 362 223 398 197 398 neuron 0
59 307 83 307 83 349 59 349 neuron 0
46 251 68 251 68 291 46 291 neuron 0
32 236 54 236 54 275 32 275 neuron 0
30 263 54 263 54 299 30 299 neuron 0
34 197 57 197 57 236 34 236 neuron 0
8 196 30 196 30 228 8 228 neuron 0
228 199 254 199 254 235 228 235 neuron 0
239 237 262 237 262 272 239 272 neuron 0
250 251 274 251 274 285 250 285 neuron 0
243 275 268 275 268 309 243 309 neuron 0
302 291 326 291 326 323 302 323 neuron 0
265 332 290 332 290 365 265 365 neuron 0
243 371 270 371 270 404 243 404 neuron 0
254 388 280 388 280 424 254 424 neuron 0
284 418 311 418 311 454 284 454 neuron 0
295 389 320 389 320 428 295 428 neuron 0
280 376 308 376 308 411 280 411 neuron 0
272 359 300 359 300 393 272 393 neuron 0
284 339 305 339 305 373 284 373 neuron 0
297 336 316 336 316 371 297 371 neuron 0
300 313 324 313 324 352 300 352 neuron 0
316 448 339 448 339 491 316 491 neuron 0
321 408 350 408 350 447 321 447 neuron 0
314 563 338 563 338 604 314 604 neuron 0
332 559 353 559 353 593 332 593 neuron 0
334 513 358 513 358 555 334 555 neuron 0
344 561 368 561 368 603 344 603 neuron 0
368 565 391 565 391 604 368 604 neuron 0
383 596 407 596 407 631 383 631 neuron 0
355 579 377 579 377 615 355 615 neuron 0
364 369 389 369 389 400 364 400 neuron 0
380 373 404 373 404 408 380 408 neuron 0
383 397 404 397 404 431 383 431 neuron 0
395 380 415 380 415 421 395 421 neuron 0
395 401 419 401 419 436 395 436 neuron 0
386 420 407 420 407 457 386 457 neuron 0
369 419 393 419 393 455 369 455 neuron 0
397 424 418 424 418 455 397 455 neuron 0
435 352 458 352 458 389 435 389 neuron 0
445 261 472 261 472 303 445 303 neuron 0
492 250 519 250 519 290 492 290 neuron 0
478 319 504 319 504 357 478 357 neuron 0
495 323 517 323 517 356 495 356 neuron 0
508 319 533 319 533 359 508 359 neuron 0
530 316 551 316 551 357 530 357 neuron 0
513 364 538 364 538 400 513 400 neuron 0
476 448 502 448 502 485 476 485 neuron 0
471 471 496 471 496 501 471 501 neuron 0
542 392 564 392 564 428 542 428 neuron 0
556 423 576 423 576 456 556 456 neuron 0
562 445 588 445 588 479 562 479 neuron 0
572 464 596 464 596 493 572 493 neuron 0
573 489 597 489 597 524 573 524 neuron 0
572 516 593 516 593 551 572 551 neuron 0
539 614 563 614 563 640 539 640 neuron 0
483 346 515 346 515 390 483 390 neuron 0
348 11 377 11 377 47 348 47 neuron 0
368 12 392 12 392 41 368 41 neuron 0
360 30 384 30 384 62 360 62 neuron 0
373 32 399 32 399 68 373 68 neuron 0
385 15 413 15 413 47 385 47 neuron 0
389 35 411 35 411 69 389 69 neuron 0
398 39 422 39 422 79 398 79 neuron 0
391 75 414 75 414 112 391 112 neuron 0
383 92 403 92 403 128 383 128 neuron 0
407 181 431 181 431 219 407 219 neuron 0
404 156 430 156 430 192 404 192 neuron 0
421 143 446 143 446 179 421 179 neuron 0
441 179 469 179 469 221 441 221 neuron 0
472 60 495 60 495 93 472 93 neuron 0
498 100 519 100 519 137 498 137 neuron 0
545 27 572 27 572 63 545 63 neuron 0
528 139 552 139 552 177 528 177 neuron 0
543 153 566 153 566 188 543 188 neuron 0
594 108 620 108 620 145 594 145 neuron 0
482 79 505 79 505 113 482 113 neuron 0
12 171 37 171 37 208 12 208 neuron 0
14 144 35 144 35 181 14 181 neuron 0
4 123 28 123 28 157 4 157 neuron 0
5 96 26 96 26 129 5 129 neuron 0
62 60 87 60 87 99 62 99 neuron 0
84 64 109 64 109 101 84 101 neuron 0
117 125 142 125 142 164 117 164 neuron 0
182 147 208 147 208 185 182 185 neuron 0
184 120 210 120 210 159 184 159 neuron 0
235 165 260 165 260 203 235 203 neuron 0
250 177 272 177 272 215 250 215 neuron 0
283 91 308 91 308 139 283 139 neuron 0
498 45 525 45 525 79 498 79 neuron 0