83 535 109 535 109 575 83 575 neuron 0
88 508 112 508 112 548 88 548 neuron 0
86 367 112 367 112 407 86 407 neuron 0
89 419 116 419 116 455 89 455 neuron 0
78 424 99 424 99 460 78 460 neuron 0
76 449 95 449 95 487 76 487 neuron 0
97 440 122 440 122 477 97 477 neuron 0
251 519 275 519 275 559 251 559 neuron 0
276 531 302 531 302 571 276 571 neuron 0
264 527 287 527 287 563 264 563 neuron 0
327 511 358 511 358 548 327 548 neuron 0
322 586 345 586 345 626 322 626 neuron 0
239 393 263 393 263 431 239 431 neuron 0
254 386 274 386 274 422 254 422 neuron 0
250 358 276 358 276 394 250 394 neuron 0
236 363 261 363 261 401 236 401 neuron 0
246 315 270 315 270 359 246 359 neuron 0
260 327 286 327 286 365 260 365 neuron 0
265 367 292 367 292 404 265 404 neuron 0
238 192 263 192 263 236 238 236 neuron 0
310 248 336 248 336 288 310 288 neuron 0
315 271 340 271 340 308 315 308 neuron 0
324 295 349 295 349 328 324 328 neuron 0
48 272 72 272 72 312 48 312 neuron 0
65 219 88 219 88 255 65 255 neuron 0
70 199 96 199 96 236 70 236 neuron 0
346 287 373 287 373 328 346 328 neuron 0
336 573 362 573 362 607 336 607 neuron 0
364 607 391 607 391 639 364 639 neuron 0
492 591 515 591 515 633 492 633 neuron 0
482 602 503 602 503 640 482 640 neuron 0
561 568 585 568 585 609 561 609 neuron 0
480 525 505 525 505 563 480 563 neuron 0
469 511 494 511 494 545 469 545 neuron 0
469 534 491 534 491 570 469 570 neuron 0
533 431 558 431 558 465 533 465 neuron 0
540 487 567 487 567 521 540 521 neuron 0
573 452 601 452 601 487 573 487 neuron 0
577 425 603 425 603 463 577 463 neuron 0
568 377 592 377 592 412 568 412 neuron 0
596 389 619 389 619 427 596 427 neuron 0
599 415 623 415 623 449 599 449 neuron 0
455 488 479 488 479 527 455 527 neuron 0
444 476 466 476 466 513 444 513 neuron 0
439 500 463 500 463 535 439 535 neuron 0
427 417 450 417 450 452 427 452 neuron 0
428 379 451 379 451 419 428 419 neuron 0
440 371 463 371 463 409 440 409 neuron 0
430 313 454 313 454 348 430 348 neuron 0
414 325 438 325 438 364 414 364 neuron 0
413 378 438 378 438 422 413 422 neuron 0
480 295 509 295 509 332 480 332 neuron 0
495 341 521 341 521 379 495 379 neuron 0
486 365 512 365 512 403 486 403 neuron 0
401 9 426 9 426 47 401 47 neuron 0
494 156 516 156 516 196 494 196 neuron 0
537 68 561 68 561 105 537 105 neuron 0
549 39 574 39 574 77 549 77 neuron 0
32 209 59 209 59 247 32 247 neuron 0
17 183 41 183 41 220 17 220 neuron 0
25 165 48 165 48 203 25 203 neuron 0
33 185 59 185 59 220 33 220 neuron 0
96 107 121 107 121 145 96 145 neuron 0
118 128 144 128 144 167 118 167 neuron 0
145 140 170 140 170 180 145 180 neuron 0
97 347 119 347 119 387 97 387 neuron 0
57 123 86 123 86 159 57 159 neuron 0
77 110 105 110 105 146 77 146 neuron 0
290 121 315 121 315 156 290 156 neuron 0
530 137 554 137 554 175 530 175 neuron 0
507 141 532 141 532 175 507 175 neuron 0
101 69 127 69 127 107 101 107 neuron 0