38 602 62 602 62 638 38 638 neuron 0
50 581 76 581 76 619 50 619 neuron 0
69 588 90 588 90 628 69 628 neuron 0
4 564 30 564 30 601 4 601 neuron 0
10 475 36 475 36 512 10 512 neuron 0
6 447 30 447 30 488 6 488 neuron 0
31 488 55 488 55 527 31 527 neuron 0
43 478 63 478 63 510 43 510 neuron 0
34 393 59 393 59 432 34 432 neuron 0
37 420 63 420 63 453 37 453 neuron 0
82 505 104 505 104 547 82 547 neuron 0
103 539 131 539 131 581 103 581 neuron 0
108 596 134 596 134 633 108 633 neuron 0
32 347 56 347 56 387 32 387 neuron 0
37 203 63 203 63 245 37 245 neuron 0
86 190 112 190 112 230 86 230 neuron 0
84 339 107 339 107 377 84 377 neuron 0
92 327 118 327 118 361 92 361 neuron 0
108 347 131 347 131 383 108 383 neuron 0
96 357 118 357 118 396 96 396 neuron 0
95 381 119 381 119 415 95 415 neuron 0
93 403 118 403 118 440 93 440 neuron 0
72 404 94 404 94 443 72 443 neuron 0
88 427 113 427 113 456 88 456 neuron 0
106 313 129 313 129 359 106 359 neuron 0
151 443 177 443 177 480 151 480 neuron 0
173 359 200 359 200 396 173 396 neuron 0
234 336 261 336 261 377 234 377 neuron 0
240 392 266 392 266 436 240 436 neuron 0
190 580 216 580 216 621 190 621 neuron 0
233 558 259 558 259 598 233 598 neuron 0
229 545 254 545 254 576 229 576 neuron 0
272 515 294 515 294 552 272 552 neuron 0
264 470 287 470 287 510 264 510 neuron 0
288 472 311 472 311 507 288 507 neuron 0
282 497 306 497 306 532 282 532 neuron 0
290 523 315 523 315 564 290 564 neuron 0
184 213 211 213 211 248 184 248 neuron 0
188 192 210 192 210 224 188 224 neuron 0
197 221 220 221 220 259 197 259 neuron 0
204 237 227 237 227 275 204 275 neuron 0
236 181 260 181 260 216 236 216 neuron 0
222 191 246 191 246 228 222 228 neuron 0
251 193 277 193 277 228 251 228 neuron 0
312 233 336 233 336 268 312 268 neuron 0
121 155 149 155 149 191 121 191 neuron 0
186 132 210 132 210 168 186 168 neuron 0
173 116 199 116 199 149 173 149 neuron 0
170 183 197 183 197 223 170 223 neuron 0
169 165 194 165 194 200 169 200 neuron 0
189 149 212 149 212 187 189 187 neuron 0
297 106 330 106 330 142 297 142 neuron 0
342 80 367 80 367 120 342 120 neuron 0
347 104 375 104 375 141 347 141 neuron 0
329 92 355 92 355 128 329 128 neuron 0
399 107 424 107 424 145 399 145 neuron 0
366 180 390 180 390 220 366 220 neuron 0
387 181 413 181 413 219 387 219 neuron 0
396 202 421 202 421 242 396 242 neuron 0
426 269 453 269 453 308 426 308 neuron 0
451 243 475 243 475 281 451 281 neuron 0
413 259 439 259 439 297 413 297 neuron 0
344 348 369 348 369 385 344 385 neuron 0
360 413 383 413 383 451 360 451 neuron 0
412 377 435 377 435 415 412 415 neuron 0
414 401 436 401 436 432 414 432 neuron 0
383 353 408 353 408 391 383 391 neuron 0
351 383 378 383 378 415 351 415 neuron 0
409 295 434 295 434 339 409 339 neuron 0
399 309 423 309 423 344 399 344 neuron 0
422 327 445 327 445 361 422 361 neuron 0
429 345 451 345 451 376 429 376 neuron 0
490 179 516 179 516 213 490 213 neuron 0
402 336 427 336 427 373 402 373 neuron 0
573 351 602 351 602 395 573 395 neuron 0
572 467 596 467 596 504 572 504 neuron 0
583 457 610 457 610 499 583 499 neuron 0
613 447 639 447 639 489 613 489 neuron 0
599 300 622 300 622 337 599 337 neuron 0
562 276 587 276 587 311 562 311 neuron 0
573 260 599 260 599 296 573 296 neuron 0
617 244 639 244 639 281 617 281 neuron 0
536 185 559 185 559 223 536 223 neuron 0
541 214 564 214 564 254 541 254 neuron 0
535 241 563 241 563 280 535 280 neuron 0
543 256 567 256 567 295 543 295 neuron 0
423 51 447 51 447 87 423 87 neuron 0
435 32 460 32 460 72 435 72 neuron 0
442 15 467 15 467 52 442 52 neuron 0
505 71 530 71 530 107 505 107 neuron 0
532 50 556 50 556 86 532 86 neuron 0
616 75 640 75 640 113 616 113 neuron 0
225 75 254 75 254 120 225 120 neuron 0
260 15 286 15 286 57 260 57 neuron 0
41 137 68 137 68 172 41 172 neuron 0
31 159 57 159 57 193 31 193 neuron 0
55 151 84 151 84 188 55 188 neuron 0
598 605 625 605 625 640 598 640 neuron 0