43 544 67 544 67 580 43 580 neuron 0
32 539 56 539 56 573 32 573 neuron 0
92 490 117 490 117 526 92 526 neuron 0
89 451 113 451 113 487 89 487 neuron 0
99 433 124 433 124 468 99 468 neuron 0
81 461 100 461 100 504 81 504 neuron 0
87 437 109 437 109 468 87 468 neuron 0
95 380 120 380 120 427 95 427 neuron 0
76 421 102 421 102 455 76 455 neuron 0
67 392 92 392 92 432 67 432 neuron 0
124 451 149 451 149 485 124 485 neuron 0
131 344 158 344 158 380 131 380 neuron 0
113 400 137 400 137 435 113 435 neuron 0
152 427 181 427 181 465 152 465 neuron 0
156 399 178 399 178 440 156 440 neuron 0
168 416 190 416 190 451 168 451 neuron 0
174 358 197 358 197 394 174 394 neuron 0
171 393 193 393 193 427 171 427 neuron 0
179 381 201 381 201 415 179 415 neuron 0
198 360 222 360 222 393 198 393 neuron 0
199 340 221 340 221 372 199 372 neuron 0
278 421 303 421 303 456 278 456 neuron 0
238 595 266 595 266 629 238 629 neuron 0
225 606 252 606 252 640 225 640 neuron 0
301 533 325 533 325 568 301 568 neuron 0
297 509 320 509 320 544 297 544 neuron 0
285 503 305 503 305 536 285 536 neuron 0
282 477 305 477 305 515 282 515 neuron 0
34 252 62 252 62 291 34 291 neuron 0
64 267 90 267 90 300 64 300 neuron 0
71 248 95 248 95 284 71 284 neuron 0
87 262 113 262 113 298 87 298 neuron 0
130 215 157 215 157 251 130 251 neuron 0
147 220 173 220 173 256 147 256 neuron 0
157 203 181 203 181 237 157 237 neuron 0
169 220 193 220 193 256 169 256 neuron 0
239 234 265 234 265 270 239 270 neuron 0
327 401 351 401 351 440 327 440 neuron 0
362 340 386 340 386 373 362 373 neuron 0
390 303 414 303 414 345 390 345 neuron 0
404 436 429 436 429 473 404 473 neuron 0
443 504 471 504 471 539 443 539 neuron 0
475 576 501 576 501 612 475 612 neuron 0
473 556 498 556 498 591 473 591 neuron 0
484 535 507 535 507 575 484 575 neuron 0
497 532 522 532 522 567 497 567 neuron 0
613 548 638 548 638 585 613 585 neuron 0
604 537 623 537 623 567 604 567 neuron 0
548 463 574 463 574 500 548 500 neuron 0
529 447 553 447 553 484 529 484 neuron 0
539 436 561 436 561 471 539 471 neuron 0
503 411 526 411 526 448 503 448 neuron 0
494 395 519 395 519 425 494 425 neuron 0
538 292 564 292 564 333 538 333 neuron 0
490 270 515 270 515 310 490 310 neuron 0
435 287 459 287 459 327 435 327 neuron 0
415 288 439 288 439 324 415 324 neuron 0
427 255 451 255 451 289 427 289 neuron 0
477 234 501 234 501 270 477 270 neuron 0
460 229 487 229 487 263 460 263 neuron 0
445 222 468 222 468 254 445 254 neuron 0
369 197 397 197 397 232 369 232 neuron 0
387 192 411 192 411 227 387 227 neuron 0
515 187 541 187 541 223 515 223 neuron 0
446 151 470 151 470 187 446 187 neuron 0
468 170 495 170 495 206 468 206 neuron 0
564 140 591 140 591 173 564 173 neuron 0
583 143 609 143 609 173 583 173 neuron 0
575 84 601 84 601 123 575 123 neuron 0
574 120 600 120 600 155 574 155 neuron 0
591 84 614 84 614 115 591 115 neuron 0
577 22 604 22 604 58 577 58 neuron 0
505 3 535 3 535 41 505 41 neuron 0
613 109 639 109 639 144 613 144 neuron 0
87 170 108 170 108 210 87 210 neuron 0
72 101 97 101 97 136 72 136 neuron 0
78 70 103 70 103 110 78 110 neuron 0
82 44 102 44 102 80 82 80 neuron 0
93 42 115 42 115 78 93 78 neuron 0
104 31 127 31 127 69 104 69 neuron 0
229 11 257 11 257 51 229 51 neuron 0
290 175 319 175 319 215 290 215 neuron 0
15 173 40 173 40 211 15 211 neuron 0