34 476 60 476 60 512 34 512 neuron 0
16 506 41 506 41 546 16 546 neuron 0
43 520 67 520 67 556 43 556 neuron 0
21 537 47 537 47 571 21 571 neuron 0
50 500 72 500 72 539 50 539 neuron 0
43 331 64 331 64 369 43 369 neuron 0
312 256 340 256 340 291 312 291 neuron 0
346 612 369 612 369 640 346 640 neuron 0
376 512 398 512 398 552 376 552 neuron 0
391 446 414 446 414 478 391 478 neuron 0
398 490 422 490 422 526 398 526 neuron 0
383 492 408 492 408 528 383 528 neuron 0
410 560 432 560 432 593 410 593 neuron 0
417 541 438 541 438 576 417 576 neuron 0
423 565 444 565 444 604 423 604 neuron 0
429 541 454 541 454 584 429 584 neuron 0
415 460 438 460 438 496 415 496 neuron 0
430 457 451 457 451 491 430 491 neuron 0
430 480 453 480 453 513 430 513 neuron 0
439 497 465 497 465 540 439 540 neuron 0
448 477 469 477 469 511 448 511 neuron 0
447 459 471 459 471 491 447 491 neuron 0
456 495 480 495 480 531 456 531 neuron 0
464 468 486 468 486 507 464 507 neuron 0
472 490 494 490 494 526 472 526 neuron 0
488 489 510 489 510 524 488 524 neuron 0
495 504 520 504 520 537 495 537 neuron 0
523 456 547 456 547 491 523 491 neuron 0
510 496 534 496 534 531 510 531 neuron 0
514 476 538 476 538 512 514 512 neuron 0
523 504 546 504 546 539 523 539 neuron 0
378 451 400 451 400 488 378 488 neuron 0
376 476 398 476 398 508 376 508 neuron 0
383 573 409 573 409 611 383 611 neuron 0
619 493 640 493 640 535 619 535 neuron 0
468 411 491 411 491 443 468 443 neuron 0
468 383 496 383 496 416 468 416 neuron 0
486 369 510 369 510 408 486 408 neuron 0
478 349 503 349 503 384 478 384 neuron 0
477 327 503 327 503 363 477 363 neuron 0
430 396 455 396 455 432 430 432 neuron 0
398 405 418 405 418 443 398 443 neuron 0
378 380 402 380 402 419 378 419 neuron 0
369 365 392 365 392 403 369 403 neuron 0
396 299 418 299 418 333 396 333 neuron 0
392 275 418 275 418 307 392 307 neuron 0
409 285 430 285 430 319 409 319 neuron 0
396 243 422 243 422 285 396 285 neuron 0
405 219 430 219 430 255 405 255 neuron 0
492 303 516 303 516 341 492 341 neuron 0
506 295 528 295 528 332 506 332 neuron 0
520 299 546 299 546 335 520 335 neuron 0
514 280 534 280 534 312 514 312 neuron 0
586 304 608 304 608 339 586 339 neuron 0
572 343 597 343 597 379 572 379 neuron 0
574 367 600 367 600 403 574 403 neuron 0
553 367 573 367 573 407 553 407 neuron 0
451 100 474 100 474 136 451 136 neuron 0
535 2 557 2 557 42 535 42 neuron 0
600 182 624 182 624 226 600 226 neuron 0
592 252 612 252 612 289 592 289 neuron 0
604 241 627 241 627 272 604 272 neuron 0
607 259 630 259 630 292 607 292 neuron 0
71 39 100 39 100 76 71 76 neuron 0
100 64 121 64 121 104 100 104 neuron 0
131 3 153 3 153 43 131 43 neuron 0
144 8 169 8 169 48 144 48 neuron 0
88 160 112 160 112 199 88 199 neuron 0
109 177 136 177 136 216 109 216 neuron 0
131 195 154 195 154 229 131 229 neuron 0
145 183 168 183 168 216 145 216 neuron 0
115 140 137 140 137 176 115 176 neuron 0
129 143 149 143 149 180 129 180 neuron 0
142 150 163 150 163 186 142 186 neuron 0
150 163 175 163 175 199 150 199 neuron 0
63 149 87 149 87 179 63 179 neuron 0
70 168 94 168 94 205 70 205 neuron 0
53 195 74 195 74 229 53 229 neuron 0
70 236 93 236 93 277 70 277 neuron 0
100 235 124 235 124 272 100 272 neuron 0
107 208 129 208 129 247 107 247 neuron 0
200 195 226 195 226 231 200 231 neuron 0
219 204 243 204 243 243 219 243 neuron 0
233 213 256 213 256 248 233 248 neuron 0
259 215 281 215 281 247 259 247 neuron 0
270 221 295 221 295 260 270 260 neuron 0
247 220 269 220 269 256 247 256 neuron 0
258 235 280 235 280 269 258 269 neuron 0
221 252 247 252 247 287 221 287 neuron 0
259 268 285 268 285 300 259 300 neuron 0
84 191 107 191 107 227 84 227 neuron 0
84 216 106 216 106 251 84 251 neuron 0
366 72 387 72 387 108 366 108 neuron 0
360 103 382 103 382 139 360 139 neuron 0
355 86 378 86 378 122 355 122 neuron 0
368 128 391 128 391 163 368 163 neuron 0
375 88 399 88 399 121 375 121 neuron 0
373 112 395 112 395 148 373 148 neuron 0
346 351 376 351 376 396 346 396 neuron 0