178 545 199 545 199 584 178 584 neuron 0
191 536 213 536 213 581 191 581 neuron 0
139 389 166 389 166 428 139 428 neuron 0
174 423 200 423 200 457 174 457 neuron 0
175 451 197 451 197 492 175 492 neuron 0
185 432 210 432 210 469 185 469 neuron 0
200 431 223 431 223 471 200 471 neuron 0
187 455 212 455 212 489 187 489 neuron 0
55 241 79 241 79 284 55 284 neuron 0
67 207 90 207 90 248 67 248 neuron 0
330 495 356 495 356 533 330 533 neuron 0
70 236 91 236 91 267 70 267 neuron 0
60 271 83 271 83 307 60 307 neuron 0
69 255 91 255 91 292 69 292 neuron 0
39 179 64 179 64 216 39 216 neuron 0
88 179 112 179 112 220 88 220 neuron 0
75 189 96 189 96 224 75 224 neuron 0
80 209 99 209 99 244 80 244 neuron 0
317 307 347 307 347 344 317 344 neuron 0
335 330 356 330 356 366 335 366 neuron 0
344 351 371 351 371 387 344 387 neuron 0
347 331 368 331 368 364 347 364 neuron 0
359 335 380 335 380 372 359 372 neuron 0
345 376 370 376 370 420 345 420 neuron 0
362 388 382 388 382 420 362 420 neuron 0
351 469 376 469 376 508 351 508 neuron 0
363 463 384 463 384 495 363 495 neuron 0
459 457 486 457 486 492 459 492 neuron 0
366 278 392 278 392 314 366 314 neuron 0
369 207 396 207 396 252 369 252 neuron 0
382 268 405 268 405 307 382 307 neuron 0
369 260 392 260 392 291 369 291 neuron 0
380 251 401 251 401 281 380 281 neuron 0
395 247 417 247 417 276 395 276 neuron 0
403 257 430 257 430 291 403 291 neuron 0
417 246 439 246 439 282 417 282 neuron 0
420 224 444 224 444 257 420 257 neuron 0
423 194 446 194 446 234 423 234 neuron 0
431 237 456 237 456 272 431 272 neuron 0
455 216 480 216 480 255 455 255 neuron 0
502 211 530 211 530 251 502 251 neuron 0
539 412 563 412 563 453 539 453 neuron 0
554 439 580 439 580 473 554 473 neuron 0
571 390 596 390 596 430 571 430 neuron 0
584 411 608 411 608 451 584 451 neuron 0
596 367 622 367 622 403 596 403 neuron 0
607 378 635 378 635 418 607 418 neuron 0
568 351 593 351 593 391 568 391 neuron 0
548 371 574 371 574 412 548 412 neuron 0
447 171 473 171 473 209 447 209 neuron 0
508 99 535 99 535 139 508 139 neuron 0
587 212 610 212 610 253 587 253 neuron 0
264 60 289 60 289 100 264 100 neuron 0
316 145 341 145 341 183 316 183 neuron 0
367 3 392 3 392 43 367 43 neuron 0
380 19 404 19 404 59 380 59 neuron 0
119 8 146 8 146 45 119 45 neuron 0
245 28 272 28 272 65 245 65 neuron 0