36 332 58 332 58 369 36 369 neuron 0
24 497 51 497 51 532 24 532 neuron 0
23 523 47 523 47 556 23 556 neuron 0
51 455 76 455 76 495 51 495 neuron 0
33 208 60 208 60 255 33 255 neuron 0
105 211 131 211 131 249 105 249 neuron 0
147 278 169 278 169 314 147 314 neuron 0
197 388 222 388 222 427 197 427 neuron 0
175 472 200 472 200 511 175 511 neuron 0
160 519 183 519 183 555 160 555 neuron 0
129 570 153 570 153 610 129 610 neuron 0
157 567 189 567 189 607 157 607 neuron 0
200 597 224 597 224 636 200 636 neuron 0
68 489 90 489 90 528 68 528 neuron 0
73 516 99 516 99 551 73 551 neuron 0
81 499 108 499 108 536 81 536 neuron 0
79 479 104 479 104 511 79 511 neuron 0
95 484 119 484 119 521 95 521 neuron 0
96 456 118 456 118 497 96 497 neuron 0
85 441 109 441 109 476 85 476 neuron 0
99 429 122 429 122 471 99 471 neuron 0
81 460 105 460 105 492 81 492 neuron 0
284 495 309 495 309 533 284 533 neuron 0
264 511 289 511 289 547 264 547 neuron 0
270 538 291 538 291 574 270 574 neuron 0
289 546 311 546 311 582 289 582 neuron 0
302 547 325 547 325 584 302 584 neuron 0
304 516 326 516 326 551 304 551 neuron 0
319 511 348 511 348 545 319 545 neuron 0
327 543 351 543 351 579 327 579 neuron 0
315 535 338 535 338 565 315 565 neuron 0
354 568 382 568 382 607 354 607 neuron 0
469 219 494 219 494 259 469 259 neuron 0
540 259 565 259 565 300 540 300 neuron 0
518 388 540 388 540 421 518 421 neuron 0
516 411 539 411 539 441 516 441 neuron 0
482 443 510 443 510 479 482 479 neuron 0
525 479 554 479 554 517 525 517 neuron 0
547 560 574 560 574 593 547 593 neuron 0
548 580 574 580 574 619 548 619 neuron 0
565 363 591 363 591 401 565 401 neuron 0
597 537 622 537 622 575 597 575 neuron 0
586 498 612 498 612 534 586 534 neuron 0
588 470 610 470 610 510 588 510 neuron 0
602 463 628 463 628 505 602 505 neuron 0
582 442 609 442 609 478 582 478 neuron 0
392 9 417 9 417 47 392 47 neuron 0
433 129 457 129 457 168 433 168 neuron 0
462 39 487 39 487 79 462 79 neuron 0
497 128 520 128 520 165 497 165 neuron 0
562 16 586 16 586 56 562 56 neuron 0
545 33 567 33 567 68 545 68 neuron 0
540 55 562 55 562 88 540 88 neuron 0
554 57 578 57 578 88 554 88 neuron 0
561 72 584 72 584 105 561 105 neuron 0
553 76 571 76 571 108 553 108 neuron 0
563 95 585 95 585 129 563 129 neuron 0
545 116 569 116 569 151 545 151 neuron 0
561 175 585 175 585 213 561 213 neuron 0
609 210 633 210 633 250 609 250 neuron 0
585 165 606 165 606 199 585 199 neuron 0
579 125 603 125 603 156 579 156 neuron 0
584 143 608 143 608 179 584 179 neuron 0
557 39 580 39 580 69 557 69 neuron 0
571 139 592 139 592 169 571 169 neuron 0
569 156 591 156 591 180 569 180 neuron 0
115 176 137 176 137 208 115 208 neuron 0
119 149 142 149 142 188 119 188 neuron 0
324 52 347 52 347 91 324 91 neuron 0
60 180 87 180 87 219 60 219 neuron 0
80 12 107 12 107 51 80 51 neuron 0
302 397 328 397 328 436 302 436 neuron 0
451 489 477 489 477 528 451 528 neuron 0