24 596 49 596 49 635 24 635 neuron 0
36 576 64 576 64 613 36 613 neuron 0
53 579 76 579 76 616 53 616 neuron 0
94 586 119 586 119 626 94 626 neuron 0
90 532 116 532 116 571 90 571 neuron 0
62 496 86 496 86 539 62 539 neuron 0
16 480 42 480 42 517 16 517 neuron 0
19 411 45 411 45 447 19 447 neuron 0
18 389 43 389 43 424 18 424 neuron 0
16 336 39 336 39 377 16 377 neuron 0
19 193 46 193 46 235 19 235 neuron 0
68 331 90 331 90 368 68 368 neuron 0
76 318 98 318 98 358 76 358 neuron 0
89 307 113 307 113 340 89 340 neuron 0
80 345 104 345 104 383 80 383 neuron 0
78 371 100 371 100 405 78 405 neuron 0
78 393 102 393 102 428 78 428 neuron 0
73 411 97 411 97 448 73 448 neuron 0
137 431 162 431 162 467 137 467 neuron 0
156 345 184 345 184 384 156 384 neuron 0
217 321 244 321 244 364 217 364 neuron 0
224 383 250 383 250 421 224 421 neuron 0
248 456 272 456 272 493 248 493 neuron 0
274 457 295 457 295 492 274 492 neuron 0
268 483 290 483 290 517 268 517 neuron 0
257 497 281 497 281 540 257 540 neuron 0
278 508 302 508 302 547 278 547 neuron 0
221 546 244 546 244 586 221 586 neuron 0
212 532 238 532 238 565 212 565 neuron 0
180 572 205 572 205 611 180 611 neuron 0
224 601 252 601 252 640 224 640 neuron 0
68 182 93 182 93 218 68 218 neuron 0
392 275 419 275 419 313 392 313 neuron 0
382 289 405 289 405 323 382 323 neuron 0
345 395 369 395 369 433 345 433 neuron 0
396 357 420 357 420 392 396 392 neuron 0
416 344 437 344 437 379 416 379 neuron 0
410 365 428 365 428 392 410 392 neuron 0
397 380 420 380 420 409 397 409 neuron 0
396 240 420 240 420 277 396 277 neuron 0
409 248 434 248 434 283 409 283 neuron 0
433 224 458 224 458 257 433 257 neuron 0
559 327 584 327 584 368 559 368 neuron 0
558 441 583 441 583 479 558 479 neuron 0
568 432 596 432 596 473 568 473 neuron 0
600 420 624 420 624 459 600 459 neuron 0
584 572 612 572 612 616 584 616 neuron 0
582 273 604 273 604 311 582 311 neuron 0
556 233 580 233 580 268 556 268 neuron 0
546 253 572 253 572 292 546 292 neuron 0
525 232 550 232 550 268 525 268 neuron 0
518 215 544 215 544 252 518 252 neuron 0
524 188 547 188 547 227 524 227 neuron 0
599 216 619 216 619 255 599 255 neuron 0
610 215 634 215 634 251 610 251 neuron 0
616 232 640 232 640 267 616 267 neuron 0
516 163 540 163 540 197 516 197 neuron 0
378 181 402 181 402 220 378 220 neuron 0
370 163 394 163 394 199 370 199 neuron 0
348 163 372 163 372 203 348 203 neuron 0
405 304 426 304 426 337 405 337 neuron 0
412 323 433 323 433 356 412 356 neuron 0
329 332 351 332 351 365 329 365 neuron 0
294 217 318 217 318 252 294 252 neuron 0
379 88 403 88 403 129 379 129 neuron 0
402 28 426 28 426 67 402 67 neuron 0
413 9 440 9 440 51 413 51 neuron 0
486 45 509 45 509 84 486 84 neuron 0
509 24 533 24 533 60 509 60 neuron 0
596 47 622 47 622 83 596 83 neuron 0
616 56 639 56 639 96 616 96 neuron 0
204 65 233 65 233 107 204 107 neuron 0
238 3 264 3 264 40 238 40 neuron 0
280 91 310 91 310 128 280 128 neuron 0
308 76 334 76 334 112 308 112 neuron 0
320 62 347 62 347 98 320 98 neuron 0
327 84 356 84 356 124 327 124 neuron 0
218 166 242 166 242 202 218 202 neuron 0
200 176 228 176 228 212 200 212 neuron 0
229 178 257 178 257 214 229 214 neuron 0
215 188 241 188 241 220 215 220 neuron 0
187 223 210 223 210 259 187 259 neuron 0
179 208 201 208 201 244 179 244 neuron 0
168 201 190 201 190 232 168 232 neuron 0
154 173 178 173 178 208 154 208 neuron 0
166 118 190 118 190 154 166 154 neuron 0
153 103 179 103 179 136 153 136 neuron 0
21 127 50 127 50 167 21 167 neuron 0
101 144 130 144 130 181 101 181 neuron 0