21 591 45 591 45 629 21 629 neuron 0
31 560 56 560 56 592 31 592 neuron 0
39 539 62 539 62 573 39 573 neuron 0
43 567 66 567 66 600 43 600 neuron 0
58 531 84 531 84 564 58 564 neuron 0
68 545 93 545 93 579 68 579 neuron 0
47 504 69 504 69 543 47 543 neuron 0
71 506 99 506 99 542 71 542 neuron 0
48 446 68 446 68 482 48 482 neuron 0
56 478 78 478 78 514 56 514 neuron 0
61 458 86 458 86 490 61 490 neuron 0
71 420 97 420 97 455 71 455 neuron 0
82 448 107 448 107 488 82 488 neuron 0
73 475 98 475 98 516 73 516 neuron 0
124 395 148 395 148 429 124 429 neuron 0
104 286 131 286 131 322 104 322 neuron 0
149 351 176 351 176 392 149 392 neuron 0
164 516 189 516 189 552 164 552 neuron 0
180 515 204 515 204 553 180 553 neuron 0
165 595 190 595 190 625 165 625 neuron 0
300 516 325 516 325 559 300 559 neuron 0
312 489 342 489 342 528 312 528 neuron 0
316 512 340 512 340 555 316 555 neuron 0
201 200 226 200 226 243 201 243 neuron 0
216 205 239 205 239 244 216 244 neuron 0
305 239 336 239 336 273 305 273 neuron 0
312 301 334 301 334 340 312 340 neuron 0
325 300 349 300 349 339 325 339 neuron 0
337 513 360 513 360 555 337 555 neuron 0
349 519 371 519 371 559 349 559 neuron 0
351 435 375 435 375 473 351 473 neuron 0
382 470 408 470 408 510 382 510 neuron 0
393 487 420 487 420 528 393 528 neuron 0
419 512 444 512 444 555 419 555 neuron 0
409 540 432 540 432 577 409 577 neuron 0
464 353 488 353 488 392 464 392 neuron 0
477 342 499 342 499 382 477 382 neuron 0
577 379 604 379 604 417 577 417 neuron 0
577 600 603 600 603 639 577 639 neuron 0
349 219 378 219 378 257 349 257 neuron 0
360 195 386 195 386 231 360 231 neuron 0
521 228 543 228 543 264 521 264 neuron 0
508 183 532 183 532 223 508 223 neuron 0
517 204 538 204 538 240 517 240 neuron 0
531 212 554 212 554 249 531 249 neuron 0
346 191 373 191 373 224 346 224 neuron 0
346 167 374 167 374 204 346 204 neuron 0
471 121 493 121 493 155 471 155 neuron 0
482 125 506 125 506 164 482 164 neuron 0
293 180 318 180 318 213 293 213 neuron 0
296 155 322 155 322 191 296 191 neuron 0
280 181 302 181 302 215 280 215 neuron 0
208 112 233 112 233 149 208 149 neuron 0
209 137 236 137 236 176 209 176 neuron 0
228 79 249 79 249 115 228 115 neuron 0
438 29 461 29 461 68 438 68 neuron 0
425 25 447 25 447 64 425 64 neuron 0
191 142 217 142 217 178 191 178 neuron 0
188 87 208 87 208 127 188 127 neuron 0
197 73 220 73 220 111 197 111 neuron 0
197 119 217 119 217 151 197 151 neuron 0