92 522 116 522 116 562 92 562 neuron 0
87 549 112 549 112 584 87 584 neuron 0
75 463 96 463 96 497 75 497 neuron 0
89 467 112 467 112 500 89 500 neuron 0
84 384 112 384 112 423 84 423 neuron 0
96 364 119 364 119 400 96 400 neuron 0
43 288 72 288 72 332 43 332 neuron 0
237 369 261 369 261 407 237 407 neuron 0
252 364 274 364 274 397 252 397 neuron 0
267 371 290 371 290 407 267 407 neuron 0
249 320 269 320 269 363 249 363 neuron 0
263 330 286 330 286 366 263 366 neuron 0
254 392 276 392 276 425 254 425 neuron 0
241 399 265 399 265 433 241 433 neuron 0
253 526 278 526 278 562 253 562 neuron 0
268 531 290 531 290 567 268 567 neuron 0
281 537 303 537 303 572 281 572 neuron 0
332 513 362 513 362 548 332 548 neuron 0
327 298 354 298 354 330 327 330 neuron 0
312 259 338 259 338 291 312 291 neuron 0
236 203 262 203 262 245 236 245 neuron 0
62 231 86 231 86 272 62 272 neuron 0
68 211 94 211 94 252 68 252 neuron 0
30 199 55 199 55 235 30 235 neuron 0
16 198 38 198 38 238 16 238 neuron 0
341 576 364 576 364 611 341 611 neuron 0
328 592 350 592 350 627 328 627 neuron 0
338 604 362 604 362 637 338 637 neuron 0
368 606 396 606 396 640 368 640 neuron 0
486 601 510 601 510 640 486 640 neuron 0
497 589 520 589 520 628 497 628 neuron 0
484 566 509 566 509 610 484 610 neuron 0
565 560 588 560 588 600 565 600 neuron 0
545 483 569 483 569 519 545 519 neuron 0
473 531 497 531 497 567 473 567 neuron 0
488 523 508 523 508 561 488 561 neuron 0
458 488 482 488 482 525 458 525 neuron 0
444 497 466 497 466 536 444 536 neuron 0
411 397 433 397 433 435 411 435 neuron 0
432 379 452 379 452 417 432 417 neuron 0
443 367 465 367 465 404 443 404 neuron 0
418 328 440 328 440 365 418 365 neuron 0
490 361 516 361 516 399 490 399 neuron 0
498 336 522 336 522 372 498 372 neuron 0
482 293 506 293 506 331 482 331 neuron 0
534 424 563 424 563 459 534 459 neuron 0
568 367 594 367 594 409 568 409 neuron 0
597 381 622 381 622 424 597 424 neuron 0
600 409 625 409 625 444 600 444 neuron 0
578 420 608 420 608 455 578 455 neuron 0
578 444 605 444 605 476 578 476 neuron 0
349 291 377 291 377 329 349 329 neuron 0
432 311 456 311 456 345 432 345 neuron 0
430 419 455 419 455 457 430 457 neuron 0
397 9 421 9 421 48 397 48 neuron 0
491 148 515 148 515 189 491 189 neuron 0
532 61 558 61 558 100 532 100 neuron 0
545 34 569 34 569 70 545 70 neuron 0
524 129 549 129 549 168 524 168 neuron 0
21 181 46 181 46 212 21 212 neuron 0
51 136 81 136 81 175 51 175 neuron 0
75 121 100 121 100 155 75 155 neuron 0
92 119 119 119 119 159 92 159 neuron 0
115 141 143 141 143 179 115 179 neuron 0
121 169 144 169 144 207 121 207 neuron 0
146 152 168 152 168 196 146 196 neuron 0
286 131 311 131 311 163 286 163 neuron 0
103 84 125 84 125 121 103 121 neuron 0
504 135 527 135 527 169 504 169 neuron 0
81 438 102 438 102 474 81 474 neuron 0
92 433 114 433 114 467 92 467 neuron 0
102 451 123 451 123 488 102 488 neuron 0