17 568 41 568 41 609 17 609 neuron 0
36 539 62 539 62 576 36 576 neuron 0
52 581 78 581 78 623 52 623 neuron 0
41 600 70 600 70 635 41 635 neuron 0
73 427 100 427 100 463 73 463 neuron 0
41 420 62 420 62 459 41 459 neuron 0
114 363 138 363 138 400 114 400 neuron 0
139 319 164 319 164 364 139 364 neuron 0
89 252 118 252 118 296 89 296 neuron 0
173 480 198 480 198 517 173 517 neuron 0
160 480 182 480 182 516 160 516 neuron 0
161 558 187 558 187 594 161 594 neuron 0
202 573 230 573 230 611 202 611 neuron 0
214 601 242 601 242 640 214 640 neuron 0
299 259 322 259 322 293 299 293 neuron 0
314 255 336 255 336 293 314 293 neuron 0
297 471 319 471 319 511 297 511 neuron 0
307 445 333 445 333 483 307 483 neuron 0
310 469 333 469 333 507 310 507 neuron 0
333 467 356 467 356 508 333 508 neuron 0
343 474 365 474 365 514 343 514 neuron 0
353 573 379 573 379 611 353 611 neuron 0
340 387 367 387 367 425 340 425 neuron 0
374 421 401 421 401 459 374 459 neuron 0
385 442 414 442 414 478 385 478 neuron 0
413 460 439 460 439 500 413 500 neuron 0
405 491 431 491 431 523 405 523 neuron 0
573 531 600 531 600 575 573 575 neuron 0
567 313 590 313 590 351 567 351 neuron 0
453 293 477 293 477 335 453 335 neuron 0
465 283 486 283 486 323 465 323 neuron 0
290 195 319 195 319 229 290 229 neuron 0
328 120 355 120 355 159 328 159 neuron 0
346 147 370 147 370 183 346 183 neuron 0
454 63 476 63 476 100 454 100 neuron 0
467 68 490 68 490 105 467 105 neuron 0
491 128 515 128 515 165 491 165 neuron 0
505 170 528 170 528 206 505 206 neuron 0
516 153 539 153 539 188 516 188 neuron 0
277 138 302 138 302 170 277 170 neuron 0
276 110 303 110 303 150 276 150 neuron 0
184 168 208 168 208 208 184 208 neuron 0
189 191 213 191 213 225 189 225 neuron 0
199 167 223 167 223 204 199 204 neuron 0
175 105 201 105 201 143 175 143 neuron 0
175 38 202 38 202 74 175 74 neuron 0
190 75 214 75 214 111 190 111 neuron 0
179 60 204 60 204 93 179 93 neuron 0
200 120 226 120 226 152 200 152 neuron 0
53 504 77 504 77 539 53 539 neuron 0
61 475 93 475 93 515 61 515 neuron 0
51 408 73 408 73 445 51 445 neuron 0
200 12 221 12 221 47 200 47 neuron 0
213 19 235 19 235 57 213 57 neuron 0
233 90 253 90 253 126 233 126 neuron 0
210 44 229 44 229 75 210 75 neuron 0
64 516 88 516 88 552 64 552 neuron 0