82 531 107 531 107 568 82 568 neuron 0
88 503 111 503 111 540 88 540 neuron 0
85 451 109 451 109 484 85 484 neuron 0
98 433 121 433 121 471 98 471 neuron 0
86 364 111 364 111 401 86 401 neuron 0
91 344 119 344 119 383 91 383 neuron 0
89 413 114 413 114 452 89 452 neuron 0
42 269 71 269 71 308 42 308 neuron 0
250 512 274 512 274 551 250 551 neuron 0
265 517 285 517 285 555 265 555 neuron 0
276 520 300 520 300 559 276 559 neuron 0
328 501 356 501 356 540 328 540 neuron 0
240 387 261 387 261 423 240 423 neuron 0
235 357 259 357 259 396 235 396 neuron 0
253 380 271 380 271 415 253 415 neuron 0
251 353 272 353 272 388 251 388 neuron 0
263 358 287 358 287 394 263 394 neuron 0
245 306 269 306 269 350 245 350 neuron 0
261 318 285 318 285 354 261 354 neuron 0
322 579 348 579 348 615 322 615 neuron 0
335 566 360 566 360 602 335 602 neuron 0
362 596 389 596 389 632 362 632 neuron 0
480 592 505 592 505 633 480 633 neuron 0
493 583 514 583 514 621 493 621 neuron 0
469 527 492 527 492 560 469 560 neuron 0
558 556 584 556 584 595 558 595 neuron 0
540 479 566 479 566 511 540 511 neuron 0
531 420 558 420 558 456 531 456 neuron 0
576 412 602 412 602 449 576 449 neuron 0
575 436 602 436 602 472 575 472 neuron 0
567 366 592 366 592 402 567 402 neuron 0
595 377 617 377 617 419 595 419 neuron 0
599 404 621 404 621 439 599 439 neuron 0
470 500 495 500 495 533 470 533 neuron 0
482 516 504 516 504 555 482 555 neuron 0
440 491 462 491 462 527 440 527 neuron 0
443 467 466 467 466 507 443 507 neuron 0
454 479 477 479 477 517 454 517 neuron 0
411 371 436 371 436 407 411 407 neuron 0
428 372 451 372 451 412 428 412 neuron 0
437 360 460 360 460 399 437 399 neuron 0
413 316 438 316 438 356 413 356 neuron 0
429 304 452 304 452 340 429 340 neuron 0
480 287 505 287 505 323 480 323 neuron 0
486 357 512 357 512 392 486 392 neuron 0
493 332 520 332 520 368 493 368 neuron 0
431 451 456 451 456 484 431 484 neuron 0
435 429 457 429 457 464 435 464 neuron 0
324 283 350 283 350 319 324 319 neuron 0
345 279 372 279 372 320 345 320 neuron 0
526 124 549 124 549 164 526 164 neuron 0
532 57 557 57 557 95 532 95 neuron 0
546 28 571 28 571 67 546 67 neuron 0
237 185 261 185 261 228 237 228 neuron 0
288 108 310 108 310 144 288 144 neuron 0
316 261 338 261 338 296 316 296 neuron 0
310 242 334 242 334 278 310 278 neuron 0
29 201 58 201 58 243 29 243 neuron 0
67 193 94 193 94 235 67 235 neuron 0
22 162 48 162 48 198 22 198 neuron 0
33 179 56 179 56 215 33 215 neuron 0
116 120 141 120 141 163 116 163 neuron 0
121 151 143 151 143 188 121 188 neuron 0
143 134 170 134 170 178 143 178 neuron 0
100 60 128 60 128 99 100 99 neuron 0
16 176 39 176 39 213 16 213 neuron 0
77 103 102 103 102 137 77 137 neuron 0
83 121 109 121 109 152 83 152 neuron 0
95 102 121 102 121 138 95 138 neuron 0
55 117 85 117 85 152 55 152 neuron 0
505 125 528 125 528 163 505 163 neuron 0
491 146 512 146 512 186 491 186 neuron 0