22 523 47 523 47 561 22 561 neuron 0
49 527 73 527 73 565 49 565 neuron 0
37 491 61 491 61 528 37 528 neuron 0
55 478 77 478 77 522 55 522 neuron 0
56 513 78 513 78 547 56 547 neuron 0
40 343 65 343 65 384 40 384 neuron 0
351 601 375 601 375 640 351 640 neuron 0
367 583 390 583 390 623 367 623 neuron 0
388 560 415 560 415 597 388 597 neuron 0
378 504 403 504 403 543 378 543 neuron 0
385 480 410 480 410 516 385 516 neuron 0
432 525 458 525 458 568 432 568 neuron 0
429 442 453 442 453 478 429 478 neuron 0
430 464 456 464 456 497 430 497 neuron 0
443 485 469 485 469 523 443 523 neuron 0
459 473 483 473 483 511 459 511 neuron 0
474 468 498 468 498 507 474 507 neuron 0
489 467 511 467 511 505 489 505 neuron 0
510 467 535 467 535 505 510 505 neuron 0
498 479 523 479 523 516 498 516 neuron 0
446 443 470 443 470 476 446 476 neuron 0
526 478 550 478 550 514 526 514 neuron 0
516 452 540 452 540 484 516 484 neuron 0
523 428 547 428 547 465 523 465 neuron 0
618 455 640 455 640 501 618 501 neuron 0
377 368 401 368 401 407 377 407 neuron 0
364 352 390 352 390 389 364 389 neuron 0
396 393 419 393 419 431 396 431 neuron 0
430 379 456 379 456 416 430 416 neuron 0
465 391 491 391 491 425 465 425 neuron 0
482 348 508 348 508 385 482 385 neuron 0
475 329 502 329 502 363 475 363 neuron 0
472 307 500 307 500 343 472 343 neuron 0
386 260 410 260 410 295 386 295 neuron 0
390 287 414 287 414 320 390 320 neuron 0
400 268 426 268 426 304 400 304 neuron 0
390 231 414 231 414 273 390 273 neuron 0
487 277 510 277 510 320 487 320 neuron 0
500 273 522 273 522 312 500 312 neuron 0
514 272 542 272 542 312 514 312 neuron 0
508 256 530 256 530 293 508 293 neuron 0
581 273 605 273 605 311 581 311 neuron 0
568 312 596 312 596 348 568 348 neuron 0
551 340 572 340 572 377 551 377 neuron 0
571 336 599 336 599 372 571 372 neuron 0
462 449 489 449 489 487 462 487 neuron 0
525 257 548 257 548 291 525 291 neuron 0
440 79 463 79 463 115 440 115 neuron 0
585 227 609 227 609 261 585 261 neuron 0
597 208 621 208 621 244 597 244 neuron 0
601 227 625 227 625 261 601 261 neuron 0
593 155 616 155 616 195 593 195 neuron 0
304 245 336 245 336 284 304 284 neuron 0
398 204 424 204 424 241 398 241 neuron 0
359 111 381 111 381 152 359 152 neuron 0
351 92 374 92 374 127 351 127 neuron 0
343 74 366 74 366 114 343 114 neuron 0
354 61 376 61 376 95 354 95 neuron 0
365 71 389 71 389 111 365 111 neuron 0
61 51 86 51 86 91 61 91 neuron 0
86 78 111 78 111 118 86 118 neuron 0
118 11 142 11 142 51 118 51 neuron 0
133 16 156 16 156 56 133 56 neuron 0
189 195 219 195 219 231 189 231 neuron 0
212 203 237 203 237 237 212 237 neuron 0
226 211 250 211 250 247 226 247 neuron 0
264 247 286 247 286 280 264 280 neuron 0
252 212 274 212 274 244 252 244 neuron 0
264 219 288 219 288 256 264 256 neuron 0
254 233 276 233 276 268 254 268 neuron 0
80 177 104 177 104 211 80 211 neuron 0
102 189 127 189 127 227 102 227 neuron 0
106 152 128 152 128 191 106 191 neuron 0
119 153 140 153 140 191 119 191 neuron 0
132 156 155 156 155 195 132 195 neuron 0
124 206 149 206 149 238 124 238 neuron 0
135 191 160 191 160 225 135 225 neuron 0
143 169 168 169 168 208 143 208 neuron 0
205 103 217 103 217 119 205 119 neuron 0
56 164 81 164 81 199 56 199 neuron 0
64 184 87 184 87 221 64 221 neuron 0
95 246 121 246 121 286 95 286 neuron 0
99 220 124 220 124 259 99 259 neuron 0
346 342 373 342 373 386 346 386 neuron 0
216 252 245 252 245 288 216 288 neuron 0