78 548 102 548 102 588 78 588 neuron 0
84 573 110 573 110 624 84 624 neuron 0
115 548 141 548 141 584 115 584 neuron 0
151 563 179 563 179 604 151 604 neuron 0
168 552 187 552 187 592 168 592 neuron 0
148 588 172 588 172 619 148 619 neuron 0
80 397 105 397 105 440 80 440 neuron 0
71 419 95 419 95 456 71 456 neuron 0
104 381 130 381 130 419 104 419 neuron 0
82 338 106 338 106 378 82 378 neuron 0
55 309 79 309 79 347 55 347 neuron 0
33 301 62 301 62 343 33 343 neuron 0
12 260 37 260 37 300 12 300 neuron 0
29 215 57 215 57 256 29 256 neuron 0
210 368 236 368 236 404 210 404 neuron 0
179 233 206 233 206 275 179 275 neuron 0
251 346 276 346 276 382 251 382 neuron 0
251 438 278 438 278 478 251 478 neuron 0
223 559 251 559 251 595 223 595 neuron 0
270 562 298 562 298 598 270 598 neuron 0
258 212 292 212 292 249 258 249 neuron 0
371 196 401 196 401 235 371 235 neuron 0
392 227 421 227 421 261 392 261 neuron 0
403 243 427 243 427 279 403 279 neuron 0
447 231 471 231 471 267 447 267 neuron 0
460 240 483 240 483 277 460 277 neuron 0
435 248 463 248 463 288 435 288 neuron 0
480 380 505 380 505 419 480 419 neuron 0
483 407 507 407 507 444 483 444 neuron 0
497 397 521 397 521 432 497 432 neuron 0
521 379 549 379 549 413 521 413 neuron 0
493 130 518 130 518 166 493 166 neuron 0
500 208 524 208 524 244 500 244 neuron 0
572 157 598 157 598 195 572 195 neuron 0
608 157 633 157 633 199 608 199 neuron 0
598 147 621 147 621 183 598 183 neuron 0
610 259 634 259 634 301 610 301 neuron 0
615 293 637 293 637 335 615 335 neuron 0
621 413 640 413 640 452 621 452 neuron 0
399 49 427 49 427 84 399 84 neuron 0
610 77 634 77 634 115 610 115 neuron 0
594 30 616 30 616 66 594 66 neuron 0
586 8 606 8 606 45 586 45 neuron 0
584 34 604 34 604 70 584 70 neuron 0
611 24 633 24 633 63 611 63 neuron 0
326 51 356 51 356 89 326 89 neuron 0
328 152 352 152 352 188 328 188 neuron 0
334 135 356 135 356 172 334 172 neuron 0
333 101 357 101 357 143 333 143 neuron 0
365 120 392 120 392 161 365 161 neuron 0
347 178 374 178 374 214 347 214 neuron 0
222 54 251 54 251 94 222 94 neuron 0
20 163 47 163 47 200 20 200 neuron 0
38 48 66 48 66 92 38 92 neuron 0
51 67 76 67 76 103 51 103 neuron 0
79 36 105 36 105 75 79 75 neuron 0
124 139 152 139 152 181 124 181 neuron 0
103 171 126 171 126 211 103 211 neuron 0
196 248 219 248 219 288 196 288 neuron 0
211 252 241 252 241 291 211 291 neuron 0
188 265 210 265 210 307 188 307 neuron 0
309 553 334 553 334 587 309 587 neuron 0