41 567 66 567 66 608 41 608 neuron 0
32 488 56 488 56 528 32 528 neuron 0
19 466 41 466 41 502 19 502 neuron 0
15 426 43 426 43 466 15 466 neuron 0
4 433 27 433 27 471 4 471 neuron 0
27 449 51 449 51 484 27 484 neuron 0
59 277 85 277 85 311 59 311 neuron 0
72 293 95 293 95 328 72 328 neuron 0
50 318 76 318 76 350 50 350 neuron 0
185 421 211 421 211 459 185 459 neuron 0
223 396 246 396 246 433 223 433 neuron 0
234 391 259 391 259 429 234 429 neuron 0
231 347 256 347 256 384 231 384 neuron 0
255 400 282 400 282 437 255 437 neuron 0
275 443 301 443 301 483 275 483 neuron 0
283 479 307 479 307 519 283 519 neuron 0
298 488 322 488 322 525 298 525 neuron 0
319 470 344 470 344 506 319 506 neuron 0
288 404 311 404 311 440 288 440 neuron 0
331 438 355 438 355 474 331 474 neuron 0
274 539 297 539 297 573 274 573 neuron 0
240 567 265 567 265 595 240 595 neuron 0
256 568 278 568 278 599 256 599 neuron 0
231 581 255 581 255 616 231 616 neuron 0
219 589 242 589 242 623 219 623 neuron 0
300 531 326 531 326 568 300 568 neuron 0
295 371 318 371 318 409 295 409 neuron 0
284 348 307 348 307 384 284 384 neuron 0
261 327 285 327 285 363 261 363 neuron 0
295 296 319 296 319 332 295 332 neuron 0
319 325 347 325 347 363 319 363 neuron 0
269 292 296 292 296 327 269 327 neuron 0
281 238 304 238 304 270 281 270 neuron 0
336 312 365 312 365 352 336 352 neuron 0
346 436 371 436 371 475 346 475 neuron 0
358 586 382 586 382 622 358 622 neuron 0
345 605 372 605 372 640 345 640 neuron 0
408 600 433 600 433 635 408 635 neuron 0
442 584 469 584 469 621 442 621 neuron 0
432 574 453 574 453 610 432 610 neuron 0
441 556 463 556 463 595 441 595 neuron 0
457 567 479 567 479 601 457 601 neuron 0
466 555 489 555 489 589 466 589 neuron 0
472 529 493 529 493 564 472 564 neuron 0
443 525 470 525 470 567 443 567 neuron 0
458 472 483 472 483 512 458 512 neuron 0
484 469 509 469 509 507 484 507 neuron 0
565 579 588 579 588 615 565 615 neuron 0
563 424 591 424 591 459 563 459 neuron 0
556 349 581 349 581 384 556 384 neuron 0
476 411 505 411 505 449 476 449 neuron 0
383 313 409 313 409 352 383 352 neuron 0
395 300 420 300 420 336 395 336 neuron 0
418 336 442 336 442 375 418 375 neuron 0
433 340 457 340 457 377 433 377 neuron 0
473 324 497 324 497 360 473 360 neuron 0
497 413 521 413 521 447 497 447 neuron 0
496 41 518 41 518 76 496 76 neuron 0
597 2 621 2 621 42 597 42 neuron 0
564 107 589 107 589 144 564 144 neuron 0
580 117 605 117 605 152 580 152 neuron 0
584 138 610 138 610 174 584 174 neuron 0
572 155 594 155 594 195 572 195 neuron 0
554 152 580 152 580 192 554 192 neuron 0
561 180 583 180 583 215 561 215 neuron 0
556 229 580 229 580 268 556 268 neuron 0
540 247 562 247 562 285 540 285 neuron 0
613 261 636 261 636 300 613 300 neuron 0
599 291 625 291 625 329 599 329 neuron 0
602 171 628 171 628 213 602 213 neuron 0
619 182 630 182 630 198 619 198 neuron 0
120 67 144 67 144 105 120 105 neuron 0
134 74 158 74 158 110 134 110 neuron 0
162 92 187 92 187 129 162 129 neuron 0
141 55 164 55 164 88 141 88 neuron 0
155 52 180 52 180 89 155 89 neuron 0
156 35 182 35 182 67 156 67 neuron 0
175 53 202 53 202 87 175 87 neuron 0
194 35 218 35 218 71 194 71 neuron 0
193 56 213 56 213 91 193 91 neuron 0
207 43 234 43 234 77 207 77 neuron 0
228 24 253 24 253 60 228 60 neuron 0
238 0 264 0 264 40 238 40 neuron 0
220 4 244 4 244 41 220 41 neuron 0
220 160 242 160 242 200 220 200 neuron 0
231 151 256 151 256 184 231 184 neuron 0
235 172 259 172 259 205 235 205 neuron 0
266 175 290 175 290 208 266 208 neuron 0
244 197 268 197 268 235 244 235 neuron 0
272 197 294 197 294 228 272 228 neuron 0
271 218 295 218 295 254 271 254 neuron 0
31 179 56 179 56 221 31 221 neuron 0