51 564 73 564 73 600 51 600 neuron 0
63 569 88 569 88 604 63 604 neuron 0
108 508 133 508 133 545 108 545 neuron 0
105 468 129 468 129 507 105 507 neuron 0
89 441 116 441 116 476 89 476 neuron 0
77 417 106 417 106 455 77 455 neuron 0
109 401 134 401 134 447 109 447 neuron 0
114 449 138 449 138 487 114 487 neuron 0
143 359 169 359 169 393 143 393 neuron 0
182 428 207 428 207 463 182 463 neuron 0
188 368 210 368 210 407 188 407 neuron 0
211 349 235 349 235 380 211 380 neuron 0
211 369 236 369 236 404 211 404 neuron 0
259 600 288 600 288 632 259 632 neuron 0
298 479 321 479 321 516 298 516 neuron 0
301 504 324 504 324 541 301 541 neuron 0
314 508 338 508 338 545 314 545 neuron 0
320 534 345 534 345 570 320 570 neuron 0
293 421 317 421 317 459 293 459 neuron 0
97 482 114 482 114 518 97 518 neuron 0
141 468 166 468 166 503 141 503 neuron 0
41 277 70 277 70 316 41 316 neuron 0
79 271 105 271 105 308 79 308 neuron 0
73 288 101 288 101 323 73 323 neuron 0
97 280 122 280 122 320 97 320 neuron 0
21 204 46 204 46 240 21 240 neuron 0
91 188 112 188 112 229 91 229 neuron 0
137 228 162 228 162 264 137 264 neuron 0
248 239 273 239 273 275 248 275 neuron 0
80 183 101 183 101 223 80 223 neuron 0
75 117 100 117 100 155 75 155 neuron 0
79 92 105 92 105 129 79 129 neuron 0
80 64 103 64 103 103 80 103 neuron 0
94 59 115 59 115 99 94 99 neuron 0
105 49 128 49 128 91 105 91 neuron 0
109 12 134 12 134 51 109 51 neuron 0
231 17 256 17 256 59 231 59 neuron 0
297 176 323 176 323 215 297 215 neuron 0
339 400 365 400 365 437 339 437 neuron 0
370 334 396 334 396 370 370 370 neuron 0
418 427 442 427 442 464 418 464 neuron 0
462 488 489 488 489 524 462 524 neuron 0
515 512 540 512 540 548 515 548 neuron 0
501 515 525 515 525 557 501 557 neuron 0
496 555 521 555 521 595 496 595 neuron 0
563 439 589 439 589 475 563 475 neuron 0
544 425 569 425 569 459 544 459 neuron 0
552 411 577 411 577 447 552 447 neuron 0
507 374 533 374 533 406 507 406 neuron 0
371 188 399 188 399 224 371 224 neuron 0
388 185 413 185 413 220 388 220 neuron 0
400 295 423 295 423 331 400 331 neuron 0
425 277 447 277 447 315 425 315 neuron 0
443 273 467 273 467 312 443 312 neuron 0
433 242 458 242 458 278 433 278 neuron 0
497 252 523 252 523 291 497 291 neuron 0
547 265 572 265 572 307 547 307 neuron 0
450 207 475 207 475 243 450 243 neuron 0
461 228 472 228 472 243 461 243 neuron 0
467 215 493 215 493 249 467 249 neuron 0
485 219 508 219 508 252 485 252 neuron 0
450 139 474 139 474 173 450 173 neuron 0
522 160 548 160 548 199 522 199 neuron 0
567 112 594 112 594 149 567 149 neuron 0
585 116 611 116 611 148 585 148 neuron 0
576 93 605 93 605 128 576 128 neuron 0
164 217 189 217 189 256 164 256 neuron 0
176 233 202 233 202 271 176 271 neuron 0
478 191 505 191 505 228 478 228 neuron 0
472 155 500 155 500 193 472 193 neuron 0