90 582 118 582 118 630 90 630 neuron 0
85 555 109 555 109 591 85 591 neuron 0
121 552 146 552 146 585 121 585 neuron 0
160 567 185 567 185 605 160 605 neuron 0
154 591 179 591 179 621 154 621 neuron 0
229 561 259 561 259 595 229 595 neuron 0
278 561 303 561 303 595 278 595 neuron 0
317 554 342 554 342 590 317 590 neuron 0
254 440 286 440 286 477 254 477 neuron 0
214 372 241 372 241 405 214 405 neuron 0
254 347 279 347 279 383 254 383 neuron 0
110 387 135 387 135 423 110 423 neuron 0
87 403 111 403 111 444 87 444 neuron 0
87 345 111 345 111 384 87 384 neuron 0
60 313 85 313 85 352 60 352 neuron 0
34 223 57 223 57 260 34 260 neuron 0
15 269 39 269 39 307 15 307 neuron 0
36 309 67 309 67 348 36 348 neuron 0
76 424 100 424 100 463 76 463 neuron 0
135 382 168 382 168 430 135 430 neuron 0
184 235 210 235 210 276 184 276 neuron 0
199 251 222 251 222 283 199 283 neuron 0
192 270 212 270 212 306 192 306 neuron 0
218 252 244 252 244 293 218 293 neuron 0
331 542 351 542 351 574 331 574 neuron 0
337 527 359 527 359 556 337 556 neuron 0
485 376 509 376 509 413 485 413 neuron 0
487 400 513 400 513 436 487 436 neuron 0
503 389 527 389 527 424 503 424 neuron 0
527 371 553 371 553 407 527 407 neuron 0
405 239 431 239 431 276 405 276 neuron 0
396 223 424 223 424 256 396 256 neuron 0
373 195 403 195 403 229 373 229 neuron 0
439 241 466 241 466 283 439 283 neuron 0
463 236 488 236 488 273 463 273 neuron 0
503 200 529 200 529 236 503 236 neuron 0
613 252 636 252 636 289 613 289 neuron 0
618 284 640 284 640 325 618 325 neuron 0
365 118 394 118 394 158 365 158 neuron 0
402 44 429 44 429 79 402 79 neuron 0
495 125 518 125 518 160 495 160 neuron 0
576 149 599 149 599 187 576 187 neuron 0
602 136 623 136 623 171 602 171 neuron 0
612 148 633 148 633 185 612 185 neuron 0
612 67 635 67 635 107 612 107 neuron 0
594 23 617 23 617 55 594 55 neuron 0
586 0 608 0 608 35 586 35 neuron 0
585 24 603 24 603 53 585 53 neuron 0
612 16 633 16 633 52 612 52 neuron 0
264 209 296 209 296 247 264 247 neuron 0
225 56 254 56 254 93 225 93 neuron 0
329 52 354 52 354 87 329 87 neuron 0
335 103 358 103 358 143 335 143 neuron 0
337 133 360 133 360 164 337 164 neuron 0
329 152 353 152 353 185 329 185 neuron 0
352 176 378 176 378 211 352 211 neuron 0
25 168 51 168 51 205 25 205 neuron 0
104 174 130 174 130 214 104 214 neuron 0
128 142 153 142 153 182 128 182 neuron 0
39 57 63 57 63 100 39 100 neuron 0
54 70 78 70 78 110 54 110 neuron 0
81 40 104 40 104 80 81 80 neuron 0