53 426 82 426 82 462 53 462 neuron 0
16 236 43 236 43 272 16 272 neuron 0
17 263 42 263 42 296 17 296 neuron 0
29 248 54 248 54 284 29 284 neuron 0
33 269 56 269 56 304 33 304 neuron 0
68 252 93 252 93 288 68 288 neuron 0
121 304 146 304 146 343 121 343 neuron 0
131 291 157 291 157 327 131 327 neuron 0
138 330 163 330 163 366 138 366 neuron 0
159 358 182 358 182 394 159 394 neuron 0
162 383 188 383 188 420 162 420 neuron 0
157 311 180 311 180 344 157 344 neuron 0
153 291 176 291 176 323 153 323 neuron 0
179 335 203 335 203 372 179 372 neuron 0
165 320 191 320 191 360 165 360 neuron 0
172 352 194 352 194 391 172 391 neuron 0
186 359 209 359 209 393 186 393 neuron 0
178 375 203 375 203 411 178 411 neuron 0
199 400 222 400 222 435 199 435 neuron 0
214 426 241 426 241 462 214 462 neuron 0
214 450 236 450 236 482 214 482 neuron 0
263 493 286 493 286 528 263 528 neuron 0
260 516 284 516 284 553 260 553 neuron 0
331 508 356 508 356 548 331 548 neuron 0
171 196 194 196 194 233 171 233 neuron 0
224 227 247 227 247 265 224 265 neuron 0
224 252 249 252 249 288 224 288 neuron 0
262 246 283 246 283 282 262 282 neuron 0
234 315 260 315 260 351 234 351 neuron 0
200 323 226 323 226 360 200 360 neuron 0
259 276 283 276 283 312 259 312 neuron 0
258 303 282 303 282 335 258 335 neuron 0
274 285 297 285 297 324 274 324 neuron 0
362 555 387 555 387 588 362 588 neuron 0
364 578 389 578 389 610 364 610 neuron 0
442 452 468 452 468 492 442 492 neuron 0
479 517 510 517 510 559 479 559 neuron 0
501 538 522 538 522 574 501 574 neuron 0
505 557 528 557 528 592 505 592 neuron 0
518 555 541 555 541 595 518 595 neuron 0
512 581 535 581 535 624 512 624 neuron 0
518 614 541 614 541 640 518 640 neuron 0
582 415 605 415 605 452 582 452 neuron 0
575 403 600 403 600 435 575 435 neuron 0
579 355 603 355 603 393 579 393 neuron 0
593 363 617 363 617 399 593 399 neuron 0
597 399 619 399 619 432 597 432 neuron 0
610 381 633 381 633 416 610 416 neuron 0
610 404 633 404 633 443 610 443 neuron 0
340 287 365 287 365 328 340 328 neuron 0
364 305 391 305 391 348 364 348 neuron 0
387 303 410 303 410 340 387 340 neuron 0
409 301 437 301 437 336 409 336 neuron 0
430 304 453 304 453 340 430 340 neuron 0
363 251 383 251 383 285 363 285 neuron 0
374 244 395 244 395 283 374 283 neuron 0
341 251 364 251 364 285 341 285 neuron 0
394 16 416 16 416 56 394 56 neuron 0
366 177 390 177 390 216 366 216 neuron 0
381 175 405 175 405 211 381 211 neuron 0
402 125 426 125 426 159 402 159 neuron 0
410 147 434 147 434 180 410 180 neuron 0
386 91 410 91 410 121 386 121 neuron 0
375 91 398 91 398 127 375 127 neuron 0
398 80 422 80 422 115 398 115 neuron 0
414 80 434 80 434 113 414 113 neuron 0
408 103 431 103 431 137 408 137 neuron 0
418 123 439 123 439 159 418 159 neuron 0
427 104 450 104 450 141 427 141 neuron 0
438 75 462 75 462 112 438 112 neuron 0
446 47 470 47 470 83 446 83 neuron 0
452 80 475 80 475 115 452 115 neuron 0
496 104 522 104 522 140 496 140 neuron 0
528 93 554 93 554 128 528 128 neuron 0
523 115 553 115 553 148 523 148 neuron 0
588 88 613 88 613 127 588 127 neuron 0
577 147 600 147 600 179 577 179 neuron 0
570 163 591 163 591 199 570 199 neuron 0
580 184 605 184 605 211 580 211 neuron 0
590 160 612 160 612 191 590 191 neuron 0
617 205 640 205 640 240 617 240 neuron 0
595 176 621 176 621 211 595 211 neuron 0
608 192 632 192 632 228 608 228 neuron 0
250 51 273 51 273 88 250 88 neuron 0
180 131 204 131 204 163 180 163 neuron 0
191 151 215 151 215 189 191 189 neuron 0
248 157 271 157 271 195 248 195 neuron 0
265 172 292 172 292 208 265 208 neuron 0
267 196 293 196 293 229 267 229 neuron 0
271 219 296 219 296 255 271 255 neuron 0
283 201 309 201 309 239 283 239 neuron 0
302 73 328 73 328 120 302 120 neuron 0
355 0 381 0 381 43 355 43 neuron 0
369 23 392 23 392 56 369 56 neuron 0
285 265 310 265 310 304 285 304 neuron 0
306 253 333 253 333 283 306 283 neuron 0
307 223 329 223 329 261 307 261 neuron 0
317 212 341 212 341 245 317 245 neuron 0
333 212 354 212 354 244 333 244 neuron 0
330 235 355 235 355 271 330 271 neuron 0
343 219 367 219 367 255 343 255 neuron 0
345 199 368 199 368 232 345 232 neuron 0
19 167 42 167 42 208 19 208 neuron 0
16 111 41 111 41 151 16 151 neuron 0