11 524 36 524 36 561 11 561 neuron 0
31 492 55 492 55 527 31 527 neuron 0
35 532 59 532 59 571 35 571 neuron 0
42 515 67 515 67 551 42 551 neuron 0
42 343 66 343 66 383 42 383 neuron 0
197 204 225 204 225 241 197 241 neuron 0
67 250 91 250 91 290 67 290 neuron 0
101 247 125 247 125 283 101 283 neuron 0
68 213 94 213 94 251 68 251 neuron 0
80 227 105 227 105 263 80 263 neuron 0
58 159 84 159 84 196 58 196 neuron 0
85 175 111 175 111 211 85 211 neuron 0
70 49 99 49 99 87 70 87 neuron 0
96 76 122 76 122 116 96 116 neuron 0
109 186 134 186 134 226 109 226 neuron 0
113 151 137 151 137 191 113 191 neuron 0
127 156 149 156 149 193 127 193 neuron 0
140 157 162 157 162 199 140 199 neuron 0
152 174 175 174 175 210 152 210 neuron 0
143 196 167 196 167 227 143 227 neuron 0
128 203 152 203 152 236 128 236 neuron 0
65 180 90 180 90 216 65 216 neuron 0
130 16 154 16 154 53 130 53 neuron 0
145 20 170 20 170 59 145 59 neuron 0
217 214 243 214 243 250 217 250 neuron 0
264 263 289 263 289 296 264 296 neuron 0
261 281 286 281 286 312 261 312 neuron 0
247 291 270 291 270 324 247 324 neuron 0
311 265 337 265 337 300 311 300 neuron 0
383 577 411 577 411 620 383 620 neuron 0
455 503 479 503 479 541 455 541 neuron 0
471 500 493 500 493 537 471 537 neuron 0
486 499 508 499 508 536 486 536 neuron 0
496 511 518 511 518 548 496 548 neuron 0
509 505 533 505 533 540 509 540 neuron 0
513 487 537 487 537 520 513 520 neuron 0
523 514 548 514 548 550 523 550 neuron 0
378 388 403 388 403 428 378 428 neuron 0
397 415 418 415 418 451 397 451 neuron 0
430 404 457 404 457 441 430 441 neuron 0
468 418 491 418 491 454 468 454 neuron 0
446 467 471 467 471 504 446 504 neuron 0
448 491 470 491 470 520 448 520 neuron 0
521 464 546 464 546 501 521 501 neuron 0
406 295 430 295 430 329 406 329 neuron 0
391 281 417 281 417 316 391 316 neuron 0
396 252 421 252 421 296 396 296 neuron 0
404 224 429 224 429 265 404 265 neuron 0
469 393 496 393 496 427 469 427 neuron 0
486 378 509 378 509 414 486 414 neuron 0
479 355 504 355 504 391 479 391 neuron 0
478 335 503 335 503 368 478 368 neuron 0
490 307 516 307 516 348 490 348 neuron 0
506 304 528 304 528 341 506 341 neuron 0
518 303 545 303 545 344 518 344 neuron 0
584 312 608 312 608 345 584 345 neuron 0
553 372 574 372 574 416 553 416 neuron 0
573 347 598 347 598 385 573 385 neuron 0
576 375 602 375 602 412 576 412 neuron 0
590 258 615 258 615 298 590 298 neuron 0
603 247 626 247 626 277 603 277 neuron 0
607 266 631 266 631 298 607 298 neuron 0
429 488 453 488 453 523 429 523 neuron 0
427 466 451 466 451 502 427 502 neuron 0
428 512 448 512 448 544 428 544 neuron 0
450 105 473 105 473 148 450 148 neuron 0
532 6 557 6 557 50 532 50 neuron 0
599 189 623 189 623 231 599 231 neuron 0
368 137 394 137 394 176 368 176 neuron 0
359 113 383 113 383 147 359 147 neuron 0
366 83 388 83 388 115 366 115 neuron 0
355 99 379 99 379 133 355 133 neuron 0
375 96 399 96 399 136 375 136 neuron 0
377 4 402 4 402 44 377 44 neuron 0
376 519 398 519 398 563 376 563 neuron 0
374 483 403 483 403 520 374 520 neuron 0
386 507 408 507 408 540 386 540 neuron 0
428 555 452 555 452 592 428 592 neuron 0
267 233 294 233 294 272 267 272 neuron 0
375 16 386 16 386 36 375 36 neuron 0
358 16 385 16 385 57 358 57 neuron 0