206 599 230 599 230 637 206 637 neuron 0
170 264 194 264 194 304 170 304 neuron 0
147 276 171 276 171 311 147 311 neuron 0
139 296 163 296 163 332 139 332 neuron 0
154 303 178 303 178 337 154 337 neuron 0
150 324 176 324 176 357 150 357 neuron 0
194 355 220 355 220 391 194 391 neuron 0
196 378 220 378 220 414 196 414 neuron 0
218 359 243 359 243 389 218 389 neuron 0
214 380 248 380 248 429 214 429 neuron 0
316 458 339 458 339 494 316 494 neuron 0
343 564 366 564 366 603 343 603 neuron 0
355 558 377 558 377 590 355 590 neuron 0
390 550 414 550 414 586 390 586 neuron 0
413 549 438 549 438 584 413 584 neuron 0
417 572 442 572 442 605 417 605 neuron 0
414 593 438 593 438 623 414 623 neuron 0
464 491 488 491 488 525 464 525 neuron 0
484 603 506 603 506 637 484 637 neuron 0
553 602 581 602 581 638 553 638 neuron 0
615 539 638 539 638 577 615 577 neuron 0
416 351 440 351 440 389 416 389 neuron 0
441 347 466 347 466 383 441 383 neuron 0
463 325 487 325 487 363 463 363 neuron 0
505 259 531 259 531 297 505 297 neuron 0
437 247 461 247 461 288 437 288 neuron 0
419 291 448 291 448 324 419 324 neuron 0
390 264 416 264 416 300 390 300 neuron 0
374 245 402 245 402 283 374 283 neuron 0
566 399 590 399 590 437 566 437 neuron 0
558 224 582 224 582 261 558 261 neuron 0
91 70 115 70 115 106 91 106 neuron 0
75 98 101 98 101 138 75 138 neuron 0
66 129 89 129 89 168 66 168 neuron 0
249 59 275 59 275 97 249 97 neuron 0
286 152 310 152 310 192 286 192 neuron 0
301 152 324 152 324 189 301 189 neuron 0
313 175 341 175 341 209 313 209 neuron 0
320 196 344 196 344 231 320 231 neuron 0