3 566 25 566 25 602 3 602 neuron 0
179 543 199 543 199 584 179 584 neuron 0
191 537 216 537 216 580 191 580 neuron 0
140 388 168 388 168 424 140 424 neuron 0
177 448 200 448 200 491 177 491 neuron 0
175 421 201 421 201 456 175 456 neuron 0
190 455 214 455 214 487 190 487 neuron 0
201 432 225 432 225 468 201 468 neuron 0
186 433 210 433 210 467 186 467 neuron 0
59 269 83 269 83 307 59 307 neuron 0
35 264 58 264 58 299 35 299 neuron 0
42 247 66 247 66 283 42 283 neuron 0
43 224 68 224 68 261 43 261 neuron 0
67 205 92 205 92 243 67 243 neuron 0
82 205 100 205 100 244 82 244 neuron 0
76 184 99 184 99 219 76 219 neuron 0
331 491 355 491 355 531 331 531 neuron 0
349 468 374 468 374 505 349 505 neuron 0
362 461 385 461 385 499 362 499 neuron 0
362 385 383 385 383 420 362 420 neuron 0
346 371 372 371 372 413 346 413 neuron 0
345 347 370 347 370 380 345 380 neuron 0
360 333 383 333 383 372 360 372 neuron 0
316 305 347 305 347 343 316 343 neuron 0
365 273 392 273 392 312 365 312 neuron 0
383 268 408 268 408 305 383 305 neuron 0
369 259 393 259 393 287 369 287 neuron 0
380 251 403 251 403 281 380 281 neuron 0
368 208 395 208 395 251 368 251 neuron 0
396 245 419 245 419 280 396 280 neuron 0
406 253 433 253 433 288 406 288 neuron 0
417 240 442 240 442 276 417 276 neuron 0
422 216 446 216 446 251 422 251 neuron 0
427 184 449 184 449 227 427 227 neuron 0
432 232 457 232 457 271 432 271 neuron 0
456 210 479 210 479 250 456 250 neuron 0
507 208 529 208 529 248 507 248 neuron 0
459 459 486 459 486 492 459 492 neuron 0
528 583 553 583 553 621 528 621 neuron 0
540 412 562 412 562 452 540 452 neuron 0
555 436 582 436 582 472 555 472 neuron 0
549 369 574 369 574 411 549 411 neuron 0
567 351 592 351 592 389 567 389 neuron 0
577 458 601 458 601 494 577 494 neuron 0
570 388 595 388 595 427 570 427 neuron 0
581 408 609 408 609 448 581 448 neuron 0
576 428 598 428 598 461 576 461 neuron 0
553 412 577 412 577 451 553 451 neuron 0
563 408 587 408 587 443 563 443 neuron 0
594 430 617 430 617 466 594 466 neuron 0
331 327 357 327 357 367 331 367 neuron 0
611 377 635 377 635 412 611 412 neuron 0
604 403 629 403 629 437 604 437 neuron 0
588 210 611 210 611 254 588 254 neuron 0
452 157 475 157 475 199 452 199 neuron 0
510 89 534 89 534 131 510 131 neuron 0
384 14 409 14 409 58 384 58 neuron 0
266 57 290 57 290 95 266 95 neuron 0
318 144 342 144 342 181 318 181 neuron 0
374 0 398 0 398 39 374 39 neuron 0
40 178 66 178 66 218 40 218 neuron 0
51 201 72 201 72 239 51 239 neuron 0
90 179 112 179 112 216 90 216 neuron 0
70 251 91 251 91 288 70 288 neuron 0
121 3 146 3 146 44 121 44 neuron 0
243 22 273 22 273 66 243 66 neuron 0
109 444 140 444 140 480 109 480 neuron 0