174 544 196 544 196 584 174 584 neuron 0
187 539 213 539 213 579 187 579 neuron 0
132 383 157 383 157 421 132 421 neuron 0
168 446 193 446 193 486 168 486 neuron 0
184 448 206 448 206 485 184 485 neuron 0
167 417 191 417 191 451 167 451 neuron 0
179 427 200 427 200 463 179 463 neuron 0
192 427 217 427 217 463 192 463 neuron 0
50 272 74 272 74 309 50 309 neuron 0
32 251 56 251 56 288 32 288 neuron 0
22 267 49 267 49 303 22 303 neuron 0
46 244 70 244 70 283 46 283 neuron 0
59 235 80 235 80 265 59 265 neuron 0
59 255 80 255 80 289 59 289 neuron 0
307 299 337 299 337 335 307 335 neuron 0
322 323 345 323 345 359 322 359 neuron 0
335 316 355 316 355 353 335 353 neuron 0
346 321 370 321 370 363 346 363 neuron 0
333 341 358 341 358 376 333 376 neuron 0
335 364 363 364 363 412 335 412 neuron 0
353 373 375 373 375 411 353 411 neuron 0
325 484 348 484 348 524 325 524 neuron 0
342 458 366 458 366 498 342 498 neuron 0
353 450 377 450 377 490 353 490 neuron 0
453 447 480 447 480 481 453 481 neuron 0
520 576 547 576 547 617 520 617 neuron 0
533 393 555 393 555 436 533 436 neuron 0
540 354 563 354 563 394 540 394 neuron 0
560 333 585 333 585 372 560 372 neuron 0
588 349 612 349 612 384 588 384 neuron 0
597 359 627 359 627 396 597 396 neuron 0
576 392 605 392 605 431 576 431 neuron 0
565 372 590 372 590 408 565 408 neuron 0
552 391 580 391 580 425 552 425 neuron 0
567 411 592 411 592 445 567 445 neuron 0
545 401 565 401 565 435 545 435 neuron 0
598 384 621 384 621 419 598 419 neuron 0
357 267 383 267 383 303 357 303 neuron 0
374 260 395 260 395 297 374 297 neuron 0
381 236 407 236 407 272 381 272 neuron 0
392 247 419 247 419 283 392 283 neuron 0
406 235 429 235 429 273 406 273 neuron 0
409 211 433 211 433 248 409 248 neuron 0
421 225 445 225 445 263 421 263 neuron 0
442 204 468 204 468 243 442 243 neuron 0
412 178 437 178 437 222 412 222 neuron 0
435 160 460 160 460 200 435 200 neuron 0
494 83 520 83 520 127 494 127 neuron 0
495 195 519 195 519 232 495 232 neuron 0
577 195 601 195 601 236 577 236 neuron 0
252 56 276 56 276 95 252 95 neuron 0
300 131 326 131 326 175 300 175 neuron 0
353 0 376 0 376 37 353 37 neuron 0
365 9 391 9 391 55 365 55 neuron 0
356 182 384 182 384 222 356 222 neuron 0
105 8 131 8 131 48 105 48 neuron 0
31 180 51 180 51 217 31 217 neuron 0
32 228 57 228 57 263 32 263 neuron 0
57 207 80 207 80 245 57 245 neuron 0
63 188 86 188 86 225 63 225 neuron 0
78 183 100 183 100 220 78 220 neuron 0
70 211 91 211 91 244 70 244 neuron 0
230 23 257 23 257 67 230 67 neuron 0