71 423 95 423 95 459 71 459 neuron 0
82 400 106 400 106 444 82 444 neuron 0
83 343 108 343 108 385 83 385 neuron 0
14 264 37 264 37 303 14 303 neuron 0
37 303 64 303 64 344 37 344 neuron 0
55 312 80 312 80 349 55 349 neuron 0
35 214 60 214 60 254 35 254 neuron 0
106 387 130 387 130 423 106 423 neuron 0
76 552 101 552 101 588 76 588 neuron 0
80 583 108 583 108 628 80 628 neuron 0
113 551 138 551 138 587 113 587 neuron 0
152 571 177 571 177 608 152 608 neuron 0
146 591 171 591 171 624 146 624 neuron 0
222 567 249 567 249 600 222 600 neuron 0
249 443 279 443 279 487 249 487 neuron 0
211 376 239 376 239 411 211 411 neuron 0
252 354 278 354 278 390 252 390 neuron 0
184 240 213 240 213 280 184 280 neuron 0
200 253 224 253 224 291 200 291 neuron 0
219 258 244 258 244 298 219 298 neuron 0
268 571 293 571 293 605 268 605 neuron 0
309 564 334 564 334 599 309 599 neuron 0
483 397 508 397 508 432 483 432 neuron 0
482 423 507 423 507 461 482 461 neuron 0
497 412 523 412 523 449 497 449 neuron 0
523 399 551 399 551 432 523 432 neuron 0
374 209 402 209 402 247 374 247 neuron 0
398 242 423 242 423 278 398 278 neuron 0
405 256 429 256 429 292 405 292 neuron 0
464 257 485 257 485 295 464 295 neuron 0
504 225 527 225 527 260 504 260 neuron 0
615 309 639 309 639 356 615 356 neuron 0
615 282 634 282 634 322 615 322 neuron 0
622 434 640 434 640 474 622 474 neuron 0
407 60 432 60 432 96 407 96 neuron 0
367 133 394 133 394 172 367 172 neuron 0
495 146 521 146 521 182 495 182 neuron 0
578 176 600 176 600 213 578 213 neuron 0
613 179 634 179 634 217 613 217 neuron 0
603 161 626 161 626 200 603 200 neuron 0
616 97 639 97 639 135 616 135 neuron 0
591 27 613 27 613 67 591 67 neuron 0
599 52 622 52 622 87 599 87 neuron 0
607 32 630 32 630 67 607 67 neuron 0
588 53 607 53 607 88 588 88 neuron 0
230 63 257 63 257 100 230 100 neuron 0
262 218 295 218 295 258 262 258 neuron 0
351 190 378 190 378 226 351 226 neuron 0
347 166 371 166 371 202 347 202 neuron 0
332 164 355 164 355 200 332 200 neuron 0
339 145 361 145 361 180 339 180 neuron 0
336 113 361 113 361 155 336 155 neuron 0
332 61 358 61 358 100 332 100 neuron 0
25 161 51 161 51 203 25 203 neuron 0
56 67 81 67 81 107 56 107 neuron 0
43 52 69 52 69 95 43 95 neuron 0
85 39 108 39 108 80 85 80 neuron 0
105 175 129 175 129 212 105 212 neuron 0
128 143 155 143 155 187 128 187 neuron 0
163 556 186 556 186 600 163 600 neuron 0