12 601 37 601 37 640 12 640 neuron 0
6 580 33 580 33 615 6 615 neuron 0
29 547 56 547 56 583 29 583 neuron 0
58 552 83 552 83 589 58 589 neuron 0
37 456 59 456 59 495 37 495 neuron 0
69 467 95 467 95 501 69 501 neuron 0
60 512 90 512 90 551 60 551 neuron 0
50 470 76 470 76 502 50 502 neuron 0
47 442 71 442 71 482 47 482 neuron 0
34 578 57 578 57 614 34 614 neuron 0
24 570 45 570 45 606 24 606 neuron 0
113 400 136 400 136 439 113 439 neuron 0
139 357 163 357 163 400 139 400 neuron 0
89 292 118 292 118 331 89 331 neuron 0
157 599 179 599 179 633 157 633 neuron 0
155 521 179 521 179 560 155 560 neuron 0
170 521 194 521 194 559 170 559 neuron 0
183 207 207 207 207 247 183 247 neuron 0
198 208 222 208 222 245 198 245 neuron 0
185 232 212 232 212 267 185 267 neuron 0
288 237 318 237 318 275 288 275 neuron 0
297 303 321 303 321 341 297 341 neuron 0
311 299 335 299 335 340 311 340 neuron 0
301 489 330 489 330 527 301 527 neuron 0
289 519 314 519 314 556 289 556 neuron 0
305 513 329 513 329 552 305 552 neuron 0
327 512 350 512 350 553 327 553 neuron 0
339 517 361 517 361 559 339 559 neuron 0
400 540 424 540 424 572 400 572 neuron 0
339 435 362 435 362 471 339 471 neuron 0
371 470 396 470 396 506 371 506 neuron 0
381 487 408 487 408 527 381 527 neuron 0
411 509 435 509 435 551 411 551 neuron 0
568 588 594 588 594 629 568 629 neuron 0
461 335 484 335 484 375 461 375 neuron 0
450 348 474 348 474 387 450 387 neuron 0
564 365 589 365 589 407 564 407 neuron 0
493 253 520 253 520 296 493 296 neuron 0
505 222 528 222 528 258 505 258 neuron 0
452 116 475 116 475 152 452 152 neuron 0
466 119 491 119 491 156 466 156 neuron 0
491 177 515 177 515 219 491 219 neuron 0
514 204 538 204 538 239 514 239 neuron 0
435 19 457 19 457 49 435 49 neuron 0
419 23 444 23 444 60 419 60 neuron 0
411 0 433 0 433 31 411 31 neuron 0
439 10 462 10 462 46 439 46 neuron 0
412 17 432 17 432 52 412 52 neuron 0
346 194 370 194 370 230 346 230 neuron 0
330 167 358 167 358 205 330 205 neuron 0
334 219 362 219 362 253 334 253 neuron 0
277 155 304 155 304 189 277 189 neuron 0
279 180 304 180 304 216 279 216 neuron 0
269 166 291 166 291 202 269 202 neuron 0
263 187 287 187 287 216 263 216 neuron 0
201 52 225 52 225 91 201 91 neuron 0
179 79 205 79 205 113 179 113 neuron 0
169 92 191 92 191 136 169 136 neuron 0
191 117 215 117 215 152 191 152 neuron 0
211 59 237 59 237 100 211 100 neuron 0
180 125 199 125 199 156 180 156 neuron 0
177 145 200 145 200 184 177 184 neuron 0
246 136 273 136 273 177 246 177 neuron 0
197 613 221 613 221 640 197 640 neuron 0