84 526 109 526 109 566 84 566 neuron 0
71 246 97 246 97 286 71 286 neuron 0
91 191 117 191 117 225 91 225 neuron 0
189 289 213 289 213 327 189 327 neuron 0
188 309 211 309 211 348 188 348 neuron 0
170 220 199 220 199 261 170 261 neuron 0
161 208 184 208 184 243 161 243 neuron 0
142 187 171 187 171 220 142 220 neuron 0
144 211 170 211 170 247 144 247 neuron 0
171 571 199 571 199 608 171 608 neuron 0
191 549 219 549 219 588 191 588 neuron 0
228 483 253 483 253 520 228 520 neuron 0
240 468 266 468 266 507 240 507 neuron 0
225 460 248 460 248 496 225 496 neuron 0
205 414 228 414 228 454 205 454 neuron 0
199 431 226 431 226 468 199 468 neuron 0
216 436 241 436 241 473 216 473 neuron 0
375 426 397 426 397 462 375 462 neuron 0
383 412 405 412 405 449 383 449 neuron 0
384 453 408 453 408 495 384 495 neuron 0
371 490 394 490 394 530 371 530 neuron 0
381 503 401 503 401 543 381 543 neuron 0
430 437 456 437 456 471 430 471 neuron 0
411 343 435 343 435 381 411 381 neuron 0
431 316 458 316 458 353 431 353 neuron 0
588 480 612 480 612 521 588 521 neuron 0
448 200 474 200 474 237 448 237 neuron 0
465 202 489 202 489 238 465 238 neuron 0
405 113 431 113 431 152 405 152 neuron 0
550 180 574 180 574 223 550 223 neuron 0
589 116 613 116 613 153 589 153 neuron 0
617 120 640 120 640 160 617 160 neuron 0
589 41 613 41 613 76 589 76 neuron 0
212 3 238 3 238 44 212 44 neuron 0
342 20 370 20 370 60 342 60 neuron 0
348 0 373 0 373 37 348 37 neuron 0
2 215 26 215 26 251 2 251 neuron 0
219 408 241 408 241 449 219 449 neuron 0
230 400 251 400 251 440 230 440 neuron 0
230 515 257 515 257 548 230 548 neuron 0
234 541 257 541 257 579 234 579 neuron 0
278 523 299 523 299 561 278 561 neuron 0