44 561 69 561 69 599 44 599 neuron 0
57 564 82 564 82 603 57 603 neuron 0
73 412 101 412 101 451 73 451 neuron 0
86 440 110 440 110 476 86 476 neuron 0
102 466 124 466 124 506 102 506 neuron 0
106 508 128 508 128 541 106 541 neuron 0
111 448 134 448 134 487 111 487 neuron 0
106 396 130 396 130 444 106 444 neuron 0
137 467 161 467 161 503 137 503 neuron 0
178 424 202 424 202 461 178 461 neuron 0
184 367 208 367 208 407 184 407 neuron 0
207 369 231 369 231 404 207 404 neuron 0
208 349 231 349 231 383 208 383 neuron 0
141 356 168 356 168 395 141 395 neuron 0
289 424 316 424 316 460 289 460 neuron 0
293 481 317 481 317 519 293 519 neuron 0
298 508 319 508 319 544 298 544 neuron 0
312 508 333 508 333 549 312 549 neuron 0
315 536 339 536 339 572 315 572 neuron 0
256 600 282 600 282 636 256 636 neuron 0
336 399 361 399 361 440 336 440 neuron 0
244 240 271 240 271 279 244 279 neuron 0
174 234 198 234 198 270 174 270 neuron 0
136 230 161 230 161 266 136 266 neuron 0
151 234 176 234 176 270 151 270 neuron 0
162 218 186 218 186 254 162 254 neuron 0
71 287 95 287 95 321 71 321 neuron 0
95 279 119 279 119 317 95 317 neuron 0
76 268 101 268 101 304 76 304 neuron 0
367 337 393 337 393 376 367 376 neuron 0
396 299 420 299 420 339 396 339 neuron 0
415 432 437 432 437 467 415 467 neuron 0
458 497 483 497 483 531 458 531 neuron 0
512 519 535 519 535 555 512 555 neuron 0
496 523 521 523 521 565 496 565 neuron 0
487 547 514 547 514 577 487 577 neuron 0
490 565 514 565 514 604 490 604 neuron 0
561 447 585 447 585 481 561 481 neuron 0
540 432 564 432 564 469 540 469 neuron 0
547 419 572 419 572 456 547 456 neuron 0
543 273 571 273 571 319 543 319 neuron 0
498 255 523 255 523 296 498 296 neuron 0
442 279 468 279 468 319 442 319 neuron 0
422 282 445 282 445 318 422 318 neuron 0
431 245 457 245 457 284 431 284 neuron 0
371 193 398 193 398 231 371 231 neuron 0
387 188 412 188 412 221 387 221 neuron 0
450 212 471 212 471 248 450 248 neuron 0
483 223 506 223 506 260 483 260 neuron 0
520 172 545 172 545 205 520 205 neuron 0
575 7 602 7 602 43 575 43 neuron 0
230 19 257 19 257 60 230 60 neuron 0
294 179 323 179 323 217 294 217 neuron 0
74 118 98 118 98 154 74 154 neuron 0
80 89 104 89 104 127 80 127 neuron 0
80 61 103 61 103 100 80 100 neuron 0
93 60 114 60 114 97 93 97 neuron 0
103 47 127 47 127 85 103 85 neuron 0
108 9 134 9 134 48 108 48 neuron 0
92 189 111 189 111 227 92 227 neuron 0
472 159 498 159 498 199 472 199 neuron 0
449 145 472 145 472 184 449 184 neuron 0
459 124 483 124 483 161 459 161 neuron 0