77 517 104 517 104 552 77 552 neuron 0
164 565 191 565 191 607 164 607 neuron 0
185 544 212 544 212 584 185 584 neuron 0
226 534 251 534 251 574 226 574 neuron 0
224 504 249 504 249 547 224 547 neuron 0
221 480 247 480 247 517 221 517 neuron 0
234 466 260 466 260 506 234 506 neuron 0
202 411 226 411 226 452 202 452 neuron 0
214 406 237 406 237 450 214 450 neuron 0
223 399 249 399 249 436 223 436 neuron 0
192 427 220 427 220 464 192 464 neuron 0
183 303 208 303 208 341 183 341 neuron 0
188 281 212 281 212 320 188 320 neuron 0
70 236 98 236 98 279 70 279 neuron 0
144 202 170 202 170 242 144 242 neuron 0
161 202 184 202 184 238 161 238 neuron 0
370 505 393 505 393 547 370 547 neuron 0
364 491 386 491 386 529 364 529 neuron 0
378 460 400 460 400 505 378 505 neuron 0
369 432 391 432 391 467 369 467 neuron 0
378 416 401 416 401 455 378 455 neuron 0
404 348 431 348 431 388 404 388 neuron 0
422 443 452 443 452 479 422 479 neuron 0
430 324 456 324 456 361 430 361 neuron 0
588 477 618 477 618 523 588 523 neuron 0
580 497 602 497 602 536 580 536 neuron 0
614 386 640 386 640 422 614 422 neuron 0
550 191 574 191 574 233 550 233 neuron 0
463 209 487 209 487 248 463 248 neuron 0
448 207 471 207 471 244 448 244 neuron 0
406 117 431 117 431 159 406 159 neuron 0
591 49 615 49 615 88 591 88 neuron 0
590 129 614 129 614 167 590 167 neuron 0
617 135 640 135 640 176 617 176 neuron 0
621 179 640 179 640 216 621 216 neuron 0
142 180 170 180 170 215 142 215 neuron 0
239 33 265 33 265 68 239 68 neuron 0
343 21 372 21 372 64 343 64 neuron 0
351 0 375 0 375 41 351 41 neuron 0
270 522 293 522 293 562 270 562 neuron 0