3 449 29 449 29 487 3 487 neuron 0
55 356 80 356 80 396 55 396 neuron 0
66 316 96 316 96 355 66 355 neuron 0
74 332 100 332 100 368 74 368 neuron 0
91 330 114 330 114 366 91 366 neuron 0
110 241 137 241 137 287 110 287 neuron 0
127 242 150 242 150 278 127 278 neuron 0
133 323 156 323 156 365 133 365 neuron 0
146 320 169 320 169 367 146 367 neuron 0
164 227 190 227 190 265 164 265 neuron 0
172 211 195 211 195 247 172 247 neuron 0
200 210 230 210 230 246 200 246 neuron 0
204 320 231 320 231 356 204 356 neuron 0
171 426 196 426 196 474 171 474 neuron 0
173 511 200 511 200 553 173 553 neuron 0
190 496 212 496 212 535 190 535 neuron 0
292 391 315 391 315 428 292 428 neuron 0
294 304 321 304 321 345 294 345 neuron 0
218 556 242 556 242 595 218 595 neuron 0
224 577 246 577 246 611 224 611 neuron 0
238 534 260 534 260 566 238 566 neuron 0
297 552 324 552 324 592 297 592 neuron 0
296 580 322 580 322 621 296 621 neuron 0
282 573 304 573 304 616 282 616 neuron 0
238 572 258 572 258 612 238 612 neuron 0
251 535 274 535 274 568 251 568 neuron 0
253 516 275 516 275 547 253 547 neuron 0
265 535 285 535 285 565 265 565 neuron 0
271 489 294 489 294 520 271 520 neuron 0
270 471 292 471 292 500 270 500 neuron 0
254 497 278 497 278 527 254 527 neuron 0
260 479 280 479 280 511 260 511 neuron 0
278 529 299 529 299 559 278 559 neuron 0
291 519 317 519 317 553 291 553 neuron 0
289 496 314 496 314 531 289 531 neuron 0
242 234 271 234 271 270 242 270 neuron 0
409 549 435 549 435 583 409 583 neuron 0
448 564 475 564 475 600 448 600 neuron 0
461 547 487 547 487 587 461 587 neuron 0
451 526 477 526 477 562 451 562 neuron 0
455 588 482 588 482 623 455 623 neuron 0
489 392 517 392 517 439 489 439 neuron 0
359 397 385 397 385 436 359 436 neuron 0
365 299 388 299 388 336 365 336 neuron 0
379 296 405 296 405 332 379 332 neuron 0
385 312 410 312 410 347 385 347 neuron 0
380 337 407 337 407 367 380 367 neuron 0
407 301 432 301 432 340 407 340 neuron 0
399 323 423 323 423 360 399 360 neuron 0
386 355 409 355 409 387 386 387 neuron 0
444 264 470 264 470 299 444 299 neuron 0
455 300 480 300 480 337 455 337 neuron 0
490 304 516 304 516 340 490 340 neuron 0
495 247 521 247 521 285 495 285 neuron 0
483 240 506 240 506 276 483 276 neuron 0
496 324 519 324 519 357 496 357 neuron 0
585 295 613 295 613 335 585 335 neuron 0
612 256 637 256 637 285 612 285 neuron 0
611 208 635 208 635 252 611 252 neuron 0
584 180 609 180 609 224 584 224 neuron 0
559 202 588 202 588 234 559 234 neuron 0
594 161 618 161 618 199 594 199 neuron 0
581 120 606 120 606 156 581 156 neuron 0
367 35 391 35 391 72 367 72 neuron 0
373 83 401 83 401 125 373 125 neuron 0
439 141 466 141 466 183 439 183 neuron 0
449 123 473 123 473 160 449 160 neuron 0
460 21 485 21 485 55 460 55 neuron 0
469 0 494 0 494 37 469 37 neuron 0
529 41 553 41 553 84 529 84 neuron 0
537 15 563 15 563 52 537 52 neuron 0
514 1 543 1 543 40 514 40 neuron 0
113 8 137 8 137 47 113 47 neuron 0
125 24 149 24 149 72 125 72 neuron 0
118 120 144 120 144 157 118 157 neuron 0
116 146 139 146 139 182 116 182 neuron 0
111 167 134 167 134 203 111 203 neuron 0
79 140 105 140 105 176 79 176 neuron 0
133 72 159 72 159 111 133 111 neuron 0
145 91 168 91 168 128 145 128 neuron 0
167 118 189 118 189 158 167 158 neuron 0
157 99 180 99 180 136 157 136 neuron 0
226 127 251 127 251 163 226 163 neuron 0
242 139 267 139 267 176 242 176 neuron 0
298 97 323 97 323 136 298 136 neuron 0