16 480 45 480 45 544 16 544 neuron 0
12 335 35 335 35 379 12 379 neuron 0
31 315 56 315 56 353 31 353 neuron 0
31 193 57 193 57 239 31 239 neuron 0
104 196 130 196 130 239 104 239 neuron 0
144 268 168 268 168 307 144 307 neuron 0
47 440 72 440 72 481 47 481 neuron 0
94 419 118 419 118 457 94 457 neuron 0
81 432 109 432 109 464 81 464 neuron 0
76 449 99 449 99 479 76 479 neuron 0
91 452 114 452 114 487 91 487 neuron 0
71 468 99 468 99 499 71 499 neuron 0
92 475 113 475 113 511 92 511 neuron 0
74 486 101 486 101 522 74 522 neuron 0
64 477 82 477 82 515 64 515 neuron 0
150 510 178 510 178 546 150 546 neuron 0
165 466 193 466 193 506 165 506 neuron 0
195 377 218 377 218 419 195 419 neuron 0
122 561 147 561 147 600 122 600 neuron 0
192 589 216 589 216 631 192 631 neuron 0
259 507 283 507 283 545 259 545 neuron 0
263 535 287 535 287 568 263 568 neuron 0
273 551 295 551 295 583 273 583 neuron 0
284 544 305 544 305 577 284 577 neuron 0
296 547 318 547 318 580 296 580 neuron 0
309 533 332 533 332 567 309 567 neuron 0
312 510 339 510 339 546 312 546 neuron 0
324 542 346 542 346 582 324 582 neuron 0
298 397 323 397 323 432 298 432 neuron 0
480 451 505 451 505 485 480 485 neuron 0
448 501 474 501 474 535 448 535 neuron 0
523 491 552 491 552 527 523 527 neuron 0
466 228 493 228 493 268 466 268 neuron 0
539 269 564 269 564 311 539 311 neuron 0
513 396 536 396 536 431 513 431 neuron 0
512 420 536 420 536 452 512 452 neuron 0
566 372 590 372 590 409 566 409 neuron 0
542 567 568 567 568 604 542 604 neuron 0
543 593 566 593 566 627 543 627 neuron 0
596 556 623 556 623 591 596 591 neuron 0
588 512 613 512 613 549 588 549 neuron 0
587 491 609 491 609 527 587 527 neuron 0
558 192 583 192 583 229 558 229 neuron 0
434 131 458 131 458 168 434 168 neuron 0
393 12 420 12 420 49 393 49 neuron 0
464 45 489 45 489 88 464 88 neuron 0
498 137 521 137 521 172 498 172 neuron 0
609 227 633 227 633 263 609 263 neuron 0
547 131 569 131 569 165 547 165 neuron 0
543 64 565 64 565 99 543 99 neuron 0
548 43 569 43 569 77 548 77 neuron 0
566 25 591 25 591 64 566 64 neuron 0
560 48 582 48 582 80 560 80 neuron 0
558 68 581 68 581 96 558 96 neuron 0
562 87 584 87 584 117 562 117 neuron 0
551 107 574 107 574 141 551 141 neuron 0
565 107 587 107 587 141 565 141 neuron 0
585 155 607 155 607 189 585 189 neuron 0
586 180 606 180 606 212 586 212 neuron 0
323 51 347 51 347 87 323 87 neuron 0
115 164 138 164 138 201 115 201 neuron 0
120 137 144 137 144 179 120 179 neuron 0
58 168 83 168 83 207 58 207 neuron 0
84 7 110 7 110 47 84 47 neuron 0
277 489 303 489 303 535 277 535 neuron 0
151 558 183 558 183 602 151 602 neuron 0