201 604 228 604 228 640 201 640 neuron 0
174 264 197 264 197 307 174 307 neuron 0
141 295 165 295 165 331 141 331 neuron 0
150 275 171 275 171 312 150 312 neuron 0
156 300 180 300 180 336 156 336 neuron 0
152 324 176 324 176 357 152 357 neuron 0
193 356 219 356 219 389 193 389 neuron 0
197 377 220 377 220 412 197 412 neuron 0
224 383 248 383 248 420 224 420 neuron 0
212 395 235 395 235 429 212 429 neuron 0
314 461 338 461 338 500 314 500 neuron 0
340 568 362 568 362 608 340 608 neuron 0
387 557 413 557 413 592 387 592 neuron 0
411 560 435 560 435 593 411 593 neuron 0
415 580 439 580 439 615 415 615 neuron 0
353 559 375 559 375 600 353 600 neuron 0
461 500 487 500 487 537 461 537 neuron 0
613 559 638 559 638 595 613 595 neuron 0
568 412 589 412 589 455 568 455 neuron 0
417 361 443 361 443 400 417 400 neuron 0
443 358 469 358 469 394 443 394 neuron 0
377 252 403 252 403 288 377 288 neuron 0
391 272 419 272 419 309 391 309 neuron 0
424 299 450 299 450 335 424 335 neuron 0
439 260 463 260 463 303 439 303 neuron 0
465 334 490 334 490 374 465 374 neuron 0
507 271 534 271 534 312 507 312 neuron 0
561 240 586 240 586 272 561 272 neuron 0
255 60 279 60 279 96 255 96 neuron 0
291 155 315 155 315 196 291 196 neuron 0
304 159 327 159 327 193 304 193 neuron 0
319 179 345 179 345 215 319 215 neuron 0
323 204 348 204 348 236 323 236 neuron 0
70 122 96 122 96 162 70 162 neuron 0
81 92 107 92 107 132 81 132 neuron 0
95 63 118 63 118 103 95 103 neuron 0