35 340 60 340 60 381 35 381 neuron 0
32 485 58 485 58 519 32 519 neuron 0
45 524 67 524 67 560 45 560 neuron 0
17 523 43 523 43 563 17 563 neuron 0
47 508 69 508 69 541 47 541 neuron 0
302 248 331 248 331 285 302 285 neuron 0
213 251 236 251 236 285 213 285 neuron 0
187 194 217 194 217 230 187 230 neuron 0
208 200 233 200 233 236 208 236 neuron 0
220 211 246 211 246 245 220 245 neuron 0
251 267 276 267 276 301 251 301 neuron 0
123 200 145 200 145 231 123 231 neuron 0
93 240 117 240 117 276 93 276 neuron 0
61 247 88 247 88 284 61 284 neuron 0
42 207 67 207 67 241 42 241 neuron 0
40 174 68 174 68 218 40 218 neuron 0
53 156 76 156 76 193 53 193 neuron 0
59 177 86 177 86 215 59 215 neuron 0
78 168 101 168 101 205 78 205 neuron 0
104 145 126 145 126 184 104 184 neuron 0
117 148 142 148 142 185 117 185 neuron 0
62 43 86 43 86 84 62 84 neuron 0
85 72 110 72 110 112 85 112 neuron 0
140 164 166 164 166 201 140 201 neuron 0
132 152 154 152 154 188 132 188 neuron 0
132 183 158 183 158 217 132 217 neuron 0
116 9 140 9 140 44 116 44 neuron 0
132 11 156 11 156 51 132 51 neuron 0
248 212 270 212 270 244 248 244 neuron 0
261 219 284 219 284 257 261 257 neuron 0
351 64 374 64 374 97 351 97 neuron 0
340 79 365 79 365 116 340 116 neuron 0
358 98 383 98 383 138 358 138 neuron 0
348 94 369 94 369 130 348 130 neuron 0
354 123 379 123 379 155 354 155 neuron 0
360 74 387 74 387 114 360 114 neuron 0
439 84 462 84 462 121 439 121 neuron 0
394 206 421 206 421 246 394 246 neuron 0
386 232 411 232 411 276 386 276 neuron 0
382 263 408 263 408 296 382 296 neuron 0
395 275 420 275 420 309 395 309 neuron 0
359 356 386 356 386 388 359 388 neuron 0
370 370 394 370 394 410 370 410 neuron 0
390 395 412 395 412 436 390 436 neuron 0
424 384 451 384 451 421 424 421 neuron 0
458 395 486 395 486 431 458 431 neuron 0
462 372 490 372 490 403 462 403 neuron 0
478 356 504 356 504 391 478 391 neuron 0
472 336 497 336 497 371 472 371 neuron 0
470 312 494 312 494 348 470 348 neuron 0
482 288 506 288 506 325 482 325 neuron 0
496 279 519 279 519 315 496 315 neuron 0
505 264 529 264 529 296 505 296 neuron 0
511 283 538 283 538 319 511 319 neuron 0
522 265 546 265 546 303 522 303 neuron 0
546 348 569 348 569 389 546 389 neuron 0
564 323 589 323 589 357 564 357 neuron 0
578 283 602 283 602 320 578 320 neuron 0
516 439 542 439 542 475 516 475 neuron 0
583 236 604 236 604 271 583 271 neuron 0
593 220 618 220 618 257 593 257 neuron 0
596 237 621 237 621 272 596 272 neuron 0
590 166 612 166 612 206 590 206 neuron 0
379 566 406 566 406 602 379 602 neuron 0
406 551 427 551 427 584 406 584 neuron 0
423 448 446 448 446 479 423 479 neuron 0
442 446 466 446 466 478 442 478 neuron 0
434 487 461 487 461 527 434 527 neuron 0
426 468 451 468 451 499 426 499 neuron 0
443 466 465 466 465 498 443 498 neuron 0
451 481 477 481 477 515 451 515 neuron 0
468 476 491 476 491 512 468 512 neuron 0
483 475 507 475 507 512 483 512 neuron 0
505 479 527 479 527 516 505 516 neuron 0
493 488 513 488 513 524 493 524 neuron 0
519 487 546 487 546 523 519 523 neuron 0
609 471 635 471 635 512 609 512 neuron 0
340 343 369 343 369 388 340 388 neuron 0
344 604 365 604 365 640 344 640 neuron 0
381 626 392 626 392 640 381 640 neuron 0
381 623 392 623 392 637 381 637 neuron 0