48 360 75 360 75 396 48 396 neuron 0
60 320 89 320 89 355 60 355 neuron 0
71 336 94 336 94 371 71 371 neuron 0
84 329 108 329 108 367 84 367 neuron 0
168 426 192 426 192 470 168 470 neuron 0
181 447 203 447 203 487 181 487 neuron 0
169 505 199 505 199 547 169 547 neuron 0
187 492 211 492 211 531 187 531 neuron 0
140 319 164 319 164 364 140 364 neuron 0
129 327 150 327 150 367 129 367 neuron 0
106 243 130 243 130 284 106 284 neuron 0
121 239 145 239 145 280 121 280 neuron 0
157 224 181 224 181 260 157 260 neuron 0
164 208 190 208 190 247 164 247 neuron 0
194 205 223 205 223 240 194 240 neuron 0
199 318 227 318 227 358 199 358 neuron 0
213 554 243 554 243 590 213 590 neuron 0
221 573 245 573 245 608 221 608 neuron 0
233 569 255 569 255 611 233 611 neuron 0
234 528 256 528 256 564 234 564 neuron 0
262 528 284 528 284 564 262 564 neuron 0
274 523 297 523 297 556 274 556 neuron 0
291 515 313 515 313 548 291 548 neuron 0
249 512 274 512 274 548 249 548 neuron 0
248 529 270 529 270 564 248 564 neuron 0
250 491 275 491 275 524 250 524 neuron 0
265 507 285 507 285 540 265 540 neuron 0
257 472 280 472 280 511 257 511 neuron 0
293 573 320 573 320 616 293 616 neuron 0
297 548 322 548 322 589 297 589 neuron 0
281 568 303 568 303 609 281 609 neuron 0
285 384 309 384 309 423 285 423 neuron 0
355 387 379 387 379 424 355 424 neuron 0
381 344 406 344 406 376 381 376 neuron 0
360 291 383 291 383 329 360 329 neuron 0
374 287 398 287 398 321 374 321 neuron 0
379 304 404 304 404 340 379 340 neuron 0
401 292 425 292 425 329 401 329 neuron 0
395 315 419 315 419 351 395 351 neuron 0
375 328 403 328 403 357 375 357 neuron 0
408 539 434 539 434 573 408 573 neuron 0
448 512 473 512 473 548 448 548 neuron 0
457 540 483 540 483 573 457 573 neuron 0
446 555 469 555 469 588 446 588 neuron 0
471 572 497 572 497 611 471 611 neuron 0
454 565 475 565 475 608 454 608 neuron 0
569 542 591 542 591 582 569 582 neuron 0
575 567 599 567 599 604 575 604 neuron 0
574 592 601 592 601 632 574 632 neuron 0
509 443 532 443 532 479 509 479 neuron 0
487 383 513 383 513 425 487 425 neuron 0
438 254 463 254 463 290 438 290 neuron 0
451 291 474 291 474 325 451 325 neuron 0
475 227 500 227 500 264 475 264 neuron 0
487 235 511 235 511 272 487 272 neuron 0
485 291 511 291 511 325 485 325 neuron 0
493 309 516 309 516 344 493 344 neuron 0
579 281 608 281 608 320 579 320 neuron 0
553 184 578 184 578 224 553 224 neuron 0
616 320 640 320 640 356 616 356 neuron 0
621 360 640 360 640 400 621 400 neuron 0
441 111 465 111 465 149 441 149 neuron 0
432 133 457 133 457 171 432 171 neuron 0
448 7 475 7 475 40 448 40 neuron 0
518 28 544 28 544 68 518 68 neuron 0
530 1 555 1 555 39 530 39 neuron 0
571 100 598 100 598 140 571 140 neuron 0
585 147 608 147 608 184 585 184 neuron 0
577 163 600 163 600 207 577 207 neuron 0
602 193 626 193 626 235 602 235 neuron 0
614 221 639 221 639 264 614 264 neuron 0
616 199 640 199 640 233 616 233 neuron 0
606 232 629 232 629 269 606 269 neuron 0
217 123 243 123 243 163 217 163 neuron 0
233 136 259 136 259 176 233 176 neuron 0
289 91 314 91 314 131 289 131 neuron 0
355 24 382 24 382 61 355 61 neuron 0
365 76 390 76 390 116 365 116 neuron 0
434 36 461 36 461 72 434 72 neuron 0
71 139 98 139 98 179 71 179 neuron 0
104 168 128 168 128 205 104 205 neuron 0
107 144 131 144 131 180 107 180 neuron 0
111 120 133 120 133 156 111 156 neuron 0
104 8 126 8 126 44 104 44 neuron 0
114 25 140 25 140 68 114 68 neuron 0
125 71 149 71 149 108 125 108 neuron 0
136 85 159 85 159 128 136 128 neuron 0
149 92 174 92 174 135 149 135 neuron 0
158 116 183 116 183 157 158 157 neuron 0
285 492 312 492 312 527 285 527 neuron 0
288 299 315 299 315 341 288 341 neuron 0
239 228 268 228 268 268 239 268 neuron 0