49 602 73 602 73 637 49 637 neuron 0
25 589 49 589 49 617 25 617 neuron 0
24 569 47 569 47 599 24 599 neuron 0
79 602 100 602 100 632 79 632 neuron 0
73 507 96 507 96 539 73 539 neuron 0
54 461 76 461 76 497 54 497 neuron 0
14 450 38 450 38 480 14 480 neuron 0
0 451 22 451 22 482 0 482 neuron 0
33 301 55 301 55 333 33 333 neuron 0
79 265 103 265 103 301 79 301 neuron 0
201 537 224 537 224 567 201 567 neuron 0
239 555 260 555 260 586 239 586 neuron 0
258 555 282 555 282 587 258 587 neuron 0
260 530 281 530 281 559 260 559 neuron 0
278 479 302 479 302 513 278 513 neuron 0
197 369 221 369 221 401 197 401 neuron 0
234 344 258 344 258 370 234 370 neuron 0
260 431 283 431 283 461 260 461 neuron 0
253 419 273 419 273 448 253 448 neuron 0
266 412 287 412 287 441 266 441 neuron 0
158 412 178 412 178 441 158 441 neuron 0
170 398 191 398 191 427 170 427 neuron 0
211 192 230 192 230 222 211 222 neuron 0
277 351 298 351 298 381 277 381 neuron 0
265 250 287 250 287 280 265 280 neuron 0
297 291 321 291 321 325 297 325 neuron 0
314 255 335 255 335 287 314 287 neuron 0
326 215 347 215 347 245 326 245 neuron 0
334 186 358 186 358 216 334 216 neuron 0
362 177 386 177 386 205 362 205 neuron 0
369 224 394 224 394 260 369 260 neuron 0
378 215 400 215 400 241 378 241 neuron 0
431 173 452 173 452 208 431 208 neuron 0
349 330 373 330 373 361 349 361 neuron 0
349 351 373 351 373 382 349 382 neuron 0
363 457 387 457 387 488 363 488 neuron 0
362 476 383 476 383 505 362 505 neuron 0
379 474 402 474 402 508 379 508 neuron 0
372 610 396 610 396 640 372 640 neuron 0
382 598 401 598 401 627 382 627 neuron 0
368 585 391 585 391 616 368 616 neuron 0
355 587 375 587 375 617 355 617 neuron 0
518 450 541 450 541 480 518 480 neuron 0
532 458 555 458 555 489 532 489 neuron 0
551 432 572 432 572 466 551 466 neuron 0
573 420 597 420 597 453 573 453 neuron 0
509 421 533 421 533 451 509 451 neuron 0
528 321 553 321 553 353 528 353 neuron 0
611 355 634 355 634 386 611 386 neuron 0
622 367 640 367 640 399 622 399 neuron 0
455 92 477 92 477 127 455 127 neuron 0
465 51 489 51 489 82 465 82 neuron 0
474 36 499 36 499 66 474 66 neuron 0
516 20 538 20 538 49 516 49 neuron 0
518 3 541 3 541 34 518 34 neuron 0
533 6 557 6 557 36 533 36 neuron 0
396 75 422 75 422 105 396 105 neuron 0
389 0 412 0 412 33 389 33 neuron 0
417 90 440 90 440 122 417 122 neuron 0
420 78 442 78 442 101 420 101 neuron 0
428 63 448 63 448 95 428 95 neuron 0
606 2 627 2 627 36 606 36 neuron 0
374 30 398 30 398 61 374 61 neuron 0
433 51 459 51 459 86 433 86 neuron 0
137 87 161 87 161 123 137 123 neuron 0
191 37 214 37 214 69 191 69 neuron 0