59 594 86 594 86 633 59 633 neuron 0
62 501 86 501 86 533 62 533 neuron 0
30 471 56 471 56 505 30 505 neuron 0
0 382 18 382 18 415 0 415 neuron 0
60 468 87 468 87 496 60 496 neuron 0
50 440 74 440 74 464 50 464 neuron 0
52 422 73 422 73 450 52 450 neuron 0
71 399 97 399 97 434 71 434 neuron 0
20 401 39 401 39 432 20 432 neuron 0
33 399 54 399 54 428 33 428 neuron 0
43 389 64 389 64 422 43 422 neuron 0
4 256 25 256 25 285 4 285 neuron 0
45 227 70 227 70 263 45 263 neuron 0
71 332 93 332 93 366 71 366 neuron 0
115 276 139 276 139 310 115 310 neuron 0
151 374 174 374 174 410 151 410 neuron 0
235 563 259 563 259 590 235 590 neuron 0
52 456 78 456 78 482 52 482 neuron 0
265 597 288 597 288 627 265 627 neuron 0
282 573 304 573 304 605 282 605 neuron 0
266 574 289 574 289 604 266 604 neuron 0
278 593 299 593 299 618 278 618 neuron 0
281 536 305 536 305 565 281 565 neuron 0
285 524 309 524 309 550 285 550 neuron 0
239 537 263 537 263 570 239 570 neuron 0
227 529 246 529 246 559 227 559 neuron 0
235 518 259 518 259 547 235 547 neuron 0
25 206 51 206 51 244 25 244 neuron 0
392 558 418 558 418 590 392 590 neuron 0
399 533 420 533 420 568 399 568 neuron 0
459 497 480 497 480 529 459 529 neuron 0
466 474 490 474 490 509 466 509 neuron 0
473 495 493 495 493 523 473 523 neuron 0
474 440 494 440 494 472 474 472 neuron 0
486 426 508 426 508 458 486 458 neuron 0
496 460 517 460 517 488 496 488 neuron 0
502 448 524 448 524 473 502 473 neuron 0
512 416 536 416 536 448 512 448 neuron 0
472 376 495 376 495 406 472 406 neuron 0
481 360 502 360 502 390 481 390 neuron 0
489 374 510 374 510 405 489 405 neuron 0
567 301 592 301 592 337 567 337 neuron 0
484 260 509 260 509 293 484 293 neuron 0
522 201 546 201 546 233 522 233 neuron 0
514 177 539 177 539 211 514 211 neuron 0
507 161 533 161 533 188 507 188 neuron 0
534 178 562 178 562 208 534 208 neuron 0
537 164 562 164 562 189 537 189 neuron 0
578 199 600 199 600 233 578 233 neuron 0
567 113 588 113 588 150 567 150 neuron 0
616 150 640 150 640 183 616 183 neuron 0
613 137 634 137 634 163 613 163 neuron 0
90 148 112 148 112 184 90 184 neuron 0