99 537 122 537 122 566 99 566 neuron 0
139 561 162 561 162 592 139 592 neuron 0
152 557 174 557 174 588 152 588 neuron 0
116 360 139 360 139 396 116 396 neuron 0
189 558 210 558 210 590 189 590 neuron 0
180 618 207 618 207 640 180 640 neuron 0
220 554 243 554 243 586 220 586 neuron 0
105 525 128 525 128 553 105 553 neuron 0
228 586 250 586 250 616 228 616 neuron 0
230 609 252 609 252 634 230 634 neuron 0
252 583 276 583 276 618 252 618 neuron 0
243 575 267 575 267 604 243 604 neuron 0
268 593 290 593 290 624 268 624 neuron 0
242 599 266 599 266 629 242 629 neuron 0
305 395 330 395 330 425 305 425 neuron 0
313 380 337 380 337 410 313 410 neuron 0
358 537 385 537 385 566 358 566 neuron 0
392 522 416 522 416 551 392 551 neuron 0
394 368 419 368 419 403 394 403 neuron 0
383 360 407 360 407 393 383 393 neuron 0
345 202 373 202 373 237 345 237 neuron 0
414 600 436 600 436 631 414 631 neuron 0
429 593 453 593 453 627 429 627 neuron 0
417 582 441 582 441 610 417 610 neuron 0
413 549 437 549 437 588 413 588 neuron 0
424 564 444 564 444 594 424 594 neuron 0
535 291 557 291 557 329 535 329 neuron 0
509 262 534 262 534 296 509 296 neuron 0
526 259 551 259 551 293 526 293 neuron 0
579 220 603 220 603 250 579 250 neuron 0
585 201 613 201 613 231 585 231 neuron 0
508 104 533 104 533 136 508 136 neuron 0
529 71 550 71 550 107 529 107 neuron 0
368 142 392 142 392 172 368 172 neuron 0
386 103 407 103 407 134 386 134 neuron 0
375 108 394 108 394 139 375 139 neuron 0
370 89 392 89 392 118 370 118 neuron 0
371 40 394 40 394 68 371 68 neuron 0
374 23 398 23 398 51 374 51 neuron 0
399 20 426 20 426 50 399 50 neuron 0
341 28 367 28 367 61 341 61 neuron 0
334 6 355 6 355 40 334 40 neuron 0
314 6 339 6 339 34 314 34 neuron 0
273 104 295 104 295 134 273 134 neuron 0
268 123 292 123 292 155 268 155 neuron 0
246 129 269 129 269 155 246 155 neuron 0
249 148 273 148 273 184 249 184 neuron 0
261 158 284 158 284 190 261 190 neuron 0