49 507 72 507 72 531 49 531 neuron 0
88 495 113 495 113 526 88 526 neuron 0
121 604 142 604 142 640 121 640 neuron 0
15 314 38 314 38 348 15 348 neuron 0
101 582 123 582 123 619 101 619 neuron 0
88 579 112 579 112 612 88 612 neuron 0
323 583 351 583 351 617 323 617 neuron 0
128 454 152 454 152 485 128 485 neuron 0
140 447 164 447 164 478 140 478 neuron 0
146 398 167 398 167 429 146 429 neuron 0
166 365 190 365 190 399 166 399 neuron 0
214 399 240 399 240 431 214 431 neuron 0
227 320 250 320 250 350 227 350 neuron 0
233 308 255 308 255 336 233 336 neuron 0
259 257 283 257 283 291 259 291 neuron 0
299 267 324 267 324 301 299 301 neuron 0
282 319 304 319 304 352 282 352 neuron 0
284 301 302 301 302 329 284 329 neuron 0
263 320 289 320 289 350 263 350 neuron 0
279 358 305 358 305 389 279 389 neuron 0
248 239 270 239 270 272 248 272 neuron 0
350 607 375 607 375 638 350 638 neuron 0
582 446 606 446 606 476 582 476 neuron 0
599 428 621 428 621 461 599 461 neuron 0
582 426 606 426 606 456 582 456 neuron 0
589 459 614 459 614 489 589 489 neuron 0
419 287 443 287 443 317 419 317 neuron 0
418 253 443 253 443 288 418 288 neuron 0
399 240 423 240 423 274 399 274 neuron 0
402 212 432 212 432 246 402 246 neuron 0
537 207 561 207 561 236 537 236 neuron 0
474 244 498 244 498 276 474 276 neuron 0
476 203 496 203 496 239 476 239 neuron 0
467 175 489 175 489 205 467 205 neuron 0
479 162 503 162 503 201 479 201 neuron 0
494 162 518 162 518 198 494 198 neuron 0
469 159 490 159 490 183 469 183 neuron 0
508 126 530 126 530 155 508 155 neuron 0
517 136 539 136 539 167 517 167 neuron 0
585 14 609 14 609 45 585 45 neuron 0
533 60 559 60 559 91 533 91 neuron 0
502 14 527 14 527 50 502 50 neuron 0
232 136 254 136 254 171 232 171 neuron 0
213 127 236 127 236 159 213 159 neuron 0
263 24 287 24 287 54 263 54 neuron 0
185 0 212 0 212 28 185 28 neuron 0