2 477 26 477 26 515 2 515 neuron 0
25 493 48 493 48 528 25 528 neuron 0
34 477 56 477 56 512 34 512 neuron 0
43 567 70 567 70 603 43 603 neuron 0
35 584 58 584 58 620 35 620 neuron 0
66 575 88 575 88 612 66 612 neuron 0
67 498 90 498 90 538 67 538 neuron 0
29 424 53 424 53 461 29 461 neuron 0
24 404 49 404 49 437 24 437 neuron 0
22 344 45 344 45 383 22 383 neuron 0
34 192 62 192 62 232 34 232 neuron 0
71 336 94 336 94 373 71 373 neuron 0
97 316 118 316 118 352 97 352 neuron 0
99 343 121 343 121 379 99 379 neuron 0
84 356 108 356 108 389 84 389 neuron 0
82 378 105 378 105 410 82 410 neuron 0
72 395 95 395 95 435 72 435 neuron 0
85 397 105 397 105 431 85 431 neuron 0
96 531 124 531 124 565 96 565 neuron 0
104 579 129 579 129 613 104 613 neuron 0
170 344 193 344 193 384 170 384 neuron 0
146 438 170 438 170 478 146 478 neuron 0
232 380 259 380 259 421 232 421 neuron 0
231 315 255 315 255 356 231 356 neuron 0
187 584 209 584 209 620 187 620 neuron 0
215 547 241 547 241 579 215 579 neuron 0
223 561 247 561 247 600 223 600 neuron 0
262 513 285 513 285 547 262 547 neuron 0
254 474 279 474 279 510 254 510 neuron 0
281 472 305 472 305 511 281 511 neuron 0
280 526 304 526 304 566 280 566 neuron 0
276 496 297 496 297 529 276 529 neuron 0
197 219 219 219 219 252 197 252 neuron 0
200 197 223 197 223 228 200 228 neuron 0
205 232 225 232 225 271 205 271 neuron 0
221 190 245 190 245 226 221 226 neuron 0
235 200 259 200 259 232 235 232 neuron 0
255 195 282 195 282 231 255 231 neuron 0
366 194 387 194 387 234 366 234 neuron 0
390 192 413 192 413 232 390 232 neuron 0
397 217 418 217 418 252 397 252 neuron 0
411 275 435 275 435 312 411 312 neuron 0
424 287 449 287 449 320 424 320 neuron 0
451 264 478 264 478 299 451 299 neuron 0
408 312 433 312 433 352 408 352 neuron 0
345 360 365 360 365 393 345 393 neuron 0
349 395 374 395 374 424 349 424 neuron 0
359 355 382 355 382 387 359 387 neuron 0
374 349 398 349 398 380 374 380 neuron 0
399 328 422 328 422 359 399 359 neuron 0
400 356 425 356 425 387 400 387 neuron 0
416 359 437 359 437 392 416 392 neuron 0
407 379 429 379 429 411 407 411 neuron 0
413 395 434 395 434 429 413 429 neuron 0
390 425 410 425 410 459 390 459 neuron 0
367 409 389 409 389 440 367 440 neuron 0
373 398 396 398 396 430 373 430 neuron 0
378 419 399 419 399 449 378 449 neuron 0
380 368 407 368 407 404 380 404 neuron 0
334 467 357 467 357 503 334 503 neuron 0
537 209 559 209 559 247 537 247 neuron 0
543 236 565 236 565 273 543 273 neuron 0
536 263 558 263 558 299 536 299 neuron 0
548 271 570 271 570 304 548 304 neuron 0
581 280 606 280 606 311 581 311 neuron 0
570 297 594 297 594 328 570 328 neuron 0
619 265 640 265 640 300 619 300 neuron 0
601 314 625 314 625 346 601 346 neuron 0
575 367 599 367 599 401 575 401 neuron 0
575 462 602 462 602 502 575 502 neuron 0
577 489 601 489 601 520 577 520 neuron 0
608 461 634 461 634 500 608 500 neuron 0
298 112 326 112 326 149 298 149 neuron 0
235 177 259 177 259 212 235 212 neuron 0
264 20 288 20 288 59 264 59 neuron 0
342 0 367 0 367 40 342 40 neuron 0
330 101 353 101 353 135 330 135 neuron 0
340 88 366 88 366 123 340 123 neuron 0
347 112 376 112 376 151 347 151 neuron 0
398 117 422 117 422 151 398 151 neuron 0
426 59 448 59 448 92 426 92 neuron 0
437 44 464 44 464 80 437 80 neuron 0
446 25 470 25 470 60 446 60 neuron 0
508 87 532 87 532 120 508 120 neuron 0
533 68 556 68 556 100 533 100 neuron 0
613 100 638 100 638 137 613 137 neuron 0
10 100 37 100 37 135 10 135 neuron 0
33 143 55 143 55 173 33 173 neuron 0
43 122 67 122 67 158 43 158 neuron 0
85 175 110 175 110 213 85 213 neuron 0
122 144 146 144 146 179 122 179 neuron 0
131 160 156 160 156 191 131 191 neuron 0
152 125 174 125 174 159 152 159 neuron 0
166 120 187 120 187 159 166 159 neuron 0
165 147 188 147 188 176 165 176 neuron 0
169 163 194 163 194 193 169 193 neuron 0
173 179 196 179 196 217 173 217 neuron 0
228 77 255 77 255 119 228 119 neuron 0
187 131 211 131 211 163 187 163 neuron 0
191 149 211 149 211 183 191 183 neuron 0