82 515 105 515 105 553 82 553 neuron 0
82 543 106 543 106 575 82 575 neuron 0
88 429 111 429 111 471 88 471 neuron 0
30 261 56 261 56 299 30 299 neuron 0
33 288 60 288 60 321 33 321 neuron 0
81 371 106 371 106 408 81 408 neuron 0
91 348 115 348 115 384 91 384 neuron 0
65 458 88 458 88 494 65 494 neuron 0
84 460 107 460 107 497 84 497 neuron 0
53 231 78 231 78 267 53 267 neuron 0
64 215 86 215 86 256 64 256 neuron 0
24 224 49 224 49 260 24 260 neuron 0
22 199 48 199 48 232 22 232 neuron 0
215 191 240 191 240 228 215 228 neuron 0
314 271 340 271 340 308 314 308 neuron 0
326 292 352 292 352 328 326 328 neuron 0
225 301 249 301 249 339 225 339 neuron 0
243 311 267 311 267 347 243 347 neuron 0
221 347 244 347 244 380 221 380 neuron 0
234 341 258 341 258 375 234 375 neuron 0
236 363 258 363 258 396 236 396 neuron 0
250 348 274 348 274 383 250 383 neuron 0
226 370 246 370 246 402 226 402 neuron 0
246 515 269 515 269 551 246 551 neuron 0
261 506 287 506 287 538 261 538 neuron 0
259 526 282 526 282 562 259 562 neuron 0
324 500 352 500 352 537 324 537 neuron 0
319 588 343 588 343 620 319 620 neuron 0
328 573 351 573 351 604 328 604 neuron 0
332 596 356 596 356 628 332 628 neuron 0
351 578 377 578 377 610 351 610 neuron 0
360 596 385 596 385 629 360 629 neuron 0
315 251 337 251 337 283 315 283 neuron 0
371 305 398 305 398 339 371 339 neuron 0
410 312 434 312 434 348 410 348 neuron 0
427 302 452 302 452 338 427 338 neuron 0
435 324 458 324 458 359 435 359 neuron 0
436 356 459 356 459 395 436 395 neuron 0
408 388 429 388 429 420 408 420 neuron 0
396 401 417 401 417 439 396 439 neuron 0
431 444 453 444 453 477 431 477 neuron 0
441 464 464 464 464 504 441 504 neuron 0
436 488 461 488 461 520 436 520 neuron 0
469 495 494 495 494 527 469 527 neuron 0
463 512 485 512 485 545 463 545 neuron 0
475 511 501 511 501 547 475 547 neuron 0
425 367 446 367 446 404 425 404 neuron 0
459 297 487 297 487 331 459 331 neuron 0
478 323 503 323 503 361 478 361 neuron 0
481 351 504 351 504 383 481 383 neuron 0
478 556 501 556 501 595 478 595 neuron 0
481 591 504 591 504 627 481 627 neuron 0
493 576 516 576 516 615 493 615 neuron 0
519 414 545 414 545 450 519 450 neuron 0
536 469 561 469 561 503 536 503 neuron 0
553 543 580 543 580 580 553 580 neuron 0
551 317 575 317 575 356 551 356 neuron 0
609 331 633 331 633 369 609 369 neuron 0
598 341 620 341 620 380 598 380 neuron 0
591 369 615 369 615 404 591 404 neuron 0
578 395 603 395 603 431 578 431 neuron 0
575 419 603 419 603 452 575 452 neuron 0
583 396 594 396 594 411 583 411 neuron 0
597 392 618 392 618 427 597 427 neuron 0
481 139 502 139 502 181 481 181 neuron 0
497 123 522 123 522 157 497 157 neuron 0
519 113 544 113 544 151 519 151 neuron 0
532 47 555 47 555 87 532 87 neuron 0
539 19 563 19 563 55 539 55 neuron 0
279 117 301 117 301 148 279 148 neuron 0
63 115 89 115 89 151 63 151 neuron 0
67 140 94 140 94 167 67 167 neuron 0
46 135 73 135 73 169 46 169 neuron 0
81 121 109 121 109 156 81 156 neuron 0
91 79 117 79 117 113 91 113 neuron 0
105 136 133 136 133 175 105 175 neuron 0
111 164 133 164 133 199 111 199 neuron 0
136 151 161 151 161 187 136 187 neuron 0
11 176 37 176 37 208 11 208 neuron 0
10 195 30 195 30 229 10 229 neuron 0
31 181 60 181 60 216 31 216 neuron 0
388 0 411 0 411 33 388 33 neuron 0