57 444 79 444 79 479 57 479 neuron 0
63 471 88 471 88 508 63 508 neuron 0
80 475 102 475 102 509 80 509 neuron 0
88 452 111 452 111 487 88 487 neuron 0
81 500 107 500 107 536 81 536 neuron 0
27 588 50 588 50 625 27 625 neuron 0
27 565 48 565 48 599 27 599 neuron 0
38 556 60 556 60 589 38 589 neuron 0
46 536 69 536 69 573 46 573 neuron 0
77 543 101 543 101 577 77 577 neuron 0
61 601 90 601 90 640 61 640 neuron 0
133 393 158 393 158 428 133 428 neuron 0
160 348 185 348 185 388 160 388 neuron 0
113 281 143 281 143 319 113 319 neuron 0
167 520 192 520 192 556 167 556 neuron 0
184 517 208 517 208 556 184 556 neuron 0
168 595 193 595 193 629 168 629 neuron 0
213 230 235 230 235 266 213 266 neuron 0
209 203 231 203 231 244 209 244 neuron 0
223 212 246 212 246 244 223 244 neuron 0
296 244 323 244 323 280 296 280 neuron 0
319 310 343 310 343 346 319 346 neuron 0
334 303 355 303 355 345 334 345 neuron 0
361 443 383 443 383 477 361 477 neuron 0
319 495 348 495 348 536 319 536 neuron 0
307 521 330 521 330 559 307 559 neuron 0
322 524 346 524 346 556 322 556 neuron 0
345 528 371 528 371 565 345 565 neuron 0
347 553 370 553 370 588 347 588 neuron 0
413 549 437 549 437 584 413 584 neuron 0
429 513 454 513 454 555 429 555 neuron 0
389 477 416 477 416 515 389 515 neuron 0
400 492 425 492 425 532 400 532 neuron 0
473 360 496 360 496 399 473 399 neuron 0
485 348 506 348 506 383 485 383 neuron 0
363 201 390 201 390 236 363 236 neuron 0
359 224 388 224 388 260 359 260 neuron 0
517 273 540 273 540 312 517 312 neuron 0
532 249 556 249 556 284 532 284 neuron 0
522 213 546 213 546 252 522 252 neuron 0
545 237 572 237 572 276 545 276 neuron 0
582 389 607 389 607 428 582 428 neuron 0
530 229 555 229 555 263 530 263 neuron 0
350 177 379 177 379 212 350 212 neuron 0
483 155 507 155 507 191 483 191 neuron 0
497 158 521 158 521 194 497 194 neuron 0
211 164 232 164 232 200 211 200 neuron 0
203 143 226 143 226 179 203 179 neuron 0
196 85 219 85 219 127 196 127 neuron 0
218 113 243 113 243 151 218 151 neuron 0
218 140 245 140 245 175 218 175 neuron 0
228 166 249 166 249 194 228 194 neuron 0
209 76 233 76 233 112 209 112 neuron 0
244 60 268 60 268 100 244 100 neuron 0
302 181 328 181 328 215 302 215 neuron 0
281 159 305 159 305 199 281 199 neuron 0
304 155 329 155 329 192 304 192 neuron 0
417 36 436 36 436 68 417 68 neuron 0
428 33 451 33 451 68 428 68 neuron 0
429 60 454 60 454 91 429 91 neuron 0
422 53 441 53 441 87 422 87 neuron 0
67 428 91 428 91 464 67 464 neuron 0