55 379 80 379 80 416 55 416 neuron 0
66 567 88 567 88 601 66 601 neuron 0
54 562 76 562 76 598 54 598 neuron 0
36 275 64 275 64 309 36 309 neuron 0
17 197 41 197 41 235 17 235 neuron 0
72 281 97 281 97 316 72 316 neuron 0
80 266 102 266 102 302 80 302 neuron 0
96 275 120 275 120 311 96 311 neuron 0
129 221 154 221 154 259 129 259 neuron 0
148 225 172 225 172 264 148 264 neuron 0
162 213 186 213 186 252 162 252 neuron 0
175 223 198 223 198 260 175 260 neuron 0
142 354 167 354 167 390 142 390 neuron 0
110 408 135 408 135 449 110 449 neuron 0
90 442 118 442 118 474 90 474 neuron 0
114 441 138 441 138 480 114 480 neuron 0
106 463 132 463 132 501 106 501 neuron 0
98 476 116 476 116 513 98 513 neuron 0
110 502 136 502 136 538 110 538 neuron 0
132 423 165 423 165 457 132 457 neuron 0
146 463 168 463 168 495 146 495 neuron 0
186 363 209 363 209 395 186 395 neuron 0
171 400 195 400 195 437 171 437 neuron 0
188 404 212 404 212 436 188 436 neuron 0
209 361 234 361 234 395 209 395 neuron 0
246 225 272 225 272 264 246 264 neuron 0
209 343 233 343 233 373 209 373 neuron 0
182 421 205 421 205 455 182 455 neuron 0
89 192 109 192 109 224 89 224 neuron 0
293 409 317 409 317 444 293 444 neuron 0
340 383 364 383 364 423 340 423 neuron 0
298 467 322 467 322 503 298 503 neuron 0
266 584 291 584 291 616 266 616 neuron 0
253 600 282 600 282 635 253 635 neuron 0
302 494 326 494 326 530 302 530 neuron 0
318 492 340 492 340 528 318 528 neuron 0
320 519 346 519 346 552 320 552 neuron 0
419 407 442 407 442 443 419 443 neuron 0
464 471 488 471 488 501 464 501 neuron 0
498 535 522 535 522 573 498 573 neuron 0
494 518 519 518 519 550 494 550 neuron 0
504 493 528 493 528 535 504 535 neuron 0
399 276 420 276 420 312 399 312 neuron 0
376 312 400 312 400 348 376 348 neuron 0
423 259 445 259 445 296 423 296 neuron 0
443 249 467 249 467 291 443 291 neuron 0
431 224 456 224 456 257 431 257 neuron 0
481 192 505 192 505 228 481 228 neuron 0
466 194 489 194 489 226 466 226 neuron 0
497 231 520 231 520 265 497 265 neuron 0
543 241 568 241 568 284 543 284 neuron 0
508 354 531 354 531 386 508 386 neuron 0
519 488 544 488 544 524 519 524 neuron 0
544 403 568 403 568 439 544 439 neuron 0
551 388 577 388 577 423 551 423 neuron 0
564 412 588 412 588 447 564 447 neuron 0
295 164 320 164 320 200 295 200 neuron 0
362 177 386 177 386 211 362 211 neuron 0
377 172 400 172 400 204 377 204 neuron 0
448 188 470 188 470 216 448 216 neuron 0
446 163 468 163 468 195 446 195 neuron 0
447 117 468 117 468 152 447 152 neuron 0
526 131 550 131 550 163 526 163 neuron 0
563 95 590 95 590 124 563 124 neuron 0
582 89 607 89 607 124 582 124 neuron 0
575 75 600 75 600 104 575 104 neuron 0
586 32 608 32 608 63 586 63 neuron 0
618 38 640 38 640 74 618 74 neuron 0
608 52 632 52 632 88 608 88 neuron 0
597 49 616 49 616 83 597 83 neuron 0
593 72 616 72 616 103 593 103 neuron 0
76 173 100 173 100 212 76 212 neuron 0
71 118 97 118 97 150 71 150 neuron 0
76 85 99 85 99 123 76 123 neuron 0
75 61 97 61 97 96 75 96 neuron 0
89 55 109 55 109 89 89 89 neuron 0
102 13 125 13 125 48 102 48 neuron 0
101 48 122 48 122 84 101 84 neuron 0
223 8 249 8 249 48 223 48 neuron 0
474 169 501 169 501 203 474 203 neuron 0