95 543 117 543 117 579 95 579 neuron 0
183 575 208 575 208 612 183 612 neuron 0
199 552 224 552 224 592 199 592 neuron 0
70 261 94 261 94 300 70 300 neuron 0
85 205 110 205 110 243 85 243 neuron 0
136 196 164 196 164 228 136 228 neuron 0
140 220 165 220 165 253 140 253 neuron 0
155 215 180 215 180 252 155 252 neuron 0
165 232 193 232 193 269 165 269 neuron 0
189 295 213 295 213 329 189 329 neuron 0
185 311 209 311 209 349 185 349 neuron 0
200 433 223 433 223 468 200 468 neuron 0
207 417 228 417 228 452 207 452 neuron 0
231 401 254 401 254 439 231 439 neuron 0
219 445 246 445 246 476 219 476 neuron 0
233 489 258 489 258 523 233 523 neuron 0
230 463 255 463 255 497 230 497 neuron 0
242 475 272 475 272 508 242 508 neuron 0
237 512 262 512 262 551 237 551 neuron 0
242 541 265 541 265 575 242 575 neuron 0
274 519 295 519 295 556 274 556 neuron 0
261 539 284 539 284 572 261 572 neuron 0
286 519 307 519 307 555 286 555 neuron 0
379 475 401 475 401 512 379 512 neuron 0
387 596 411 596 411 635 387 635 neuron 0
375 416 398 416 398 451 375 451 neuron 0
384 400 407 400 407 440 384 440 neuron 0
390 435 412 435 412 475 390 475 neuron 0
409 325 432 325 432 363 409 363 neuron 0
432 299 458 299 458 335 432 335 neuron 0
423 419 451 419 451 455 423 455 neuron 0
592 451 616 451 616 488 592 488 neuron 0
398 100 422 100 422 136 398 136 neuron 0
443 181 467 181 467 216 443 216 neuron 0
459 181 483 181 483 219 459 219 neuron 0
543 151 567 151 567 192 543 192 neuron 0
577 8 599 8 599 43 577 43 neuron 0
581 84 604 84 604 124 581 124 neuron 0
607 84 632 84 632 128 607 128 neuron 0
615 128 636 128 636 163 615 163 neuron 0
621 63 640 63 640 99 621 99 neuron 0
201 8 225 8 225 47 201 47 neuron 0