16 592 43 592 43 632 16 632 neuron 0
21 343 41 343 41 383 21 383 neuron 0
33 340 57 340 57 381 33 381 neuron 0
40 324 63 324 63 361 40 361 neuron 0
102 192 125 192 125 228 102 228 neuron 0
147 256 171 256 171 296 147 296 neuron 0
33 506 57 506 57 538 33 538 neuron 0
33 479 59 479 59 513 33 513 neuron 0
55 439 80 439 80 480 55 480 neuron 0
100 412 123 412 123 448 100 448 neuron 0
85 481 110 481 110 516 85 516 neuron 0
70 476 92 476 92 509 70 509 neuron 0
82 465 107 465 107 492 82 492 neuron 0
83 443 104 443 104 477 83 477 neuron 0
91 427 114 427 114 460 91 460 neuron 0
94 447 119 447 119 480 94 480 neuron 0
99 469 121 469 121 503 99 503 neuron 0
126 554 154 554 154 590 126 590 neuron 0
160 499 183 499 183 535 160 535 neuron 0
173 460 198 460 198 495 173 495 neuron 0
201 367 223 367 223 409 201 409 neuron 0
158 556 187 556 187 596 158 596 neuron 0
203 579 230 579 230 620 203 620 neuron 0
306 379 329 379 329 413 306 413 neuron 0
288 474 313 474 313 514 288 514 neuron 0
268 492 295 492 295 528 268 528 neuron 0
273 519 294 519 294 553 273 553 neuron 0
283 503 307 503 307 539 283 539 neuron 0
283 533 303 533 303 564 283 564 neuron 0
294 527 315 527 315 560 294 560 neuron 0
299 507 321 507 321 541 299 541 neuron 0
309 492 330 492 330 524 309 524 neuron 0
323 487 350 487 350 527 323 527 neuron 0
315 512 340 512 340 543 315 543 neuron 0
308 527 329 527 329 561 308 561 neuron 0
333 521 354 521 354 556 333 556 neuron 0
358 548 387 548 387 588 358 588 neuron 0
369 592 395 592 395 633 369 633 neuron 0
455 463 478 463 478 503 455 503 neuron 0
486 420 512 420 512 463 486 463 neuron 0
518 389 542 389 542 420 518 420 neuron 0
522 369 545 369 545 400 522 400 neuron 0
562 341 585 341 585 376 562 376 neuron 0
532 455 559 455 559 488 532 488 neuron 0
551 551 575 551 575 589 551 589 neuron 0
538 559 563 559 563 599 538 599 neuron 0
544 235 569 235 569 273 544 273 neuron 0
592 467 615 467 615 500 592 500 neuron 0
586 447 610 447 610 483 586 483 neuron 0
583 412 608 412 608 449 583 449 neuron 0
605 503 632 503 632 537 605 537 neuron 0
321 52 343 52 343 87 321 87 neuron 0
466 20 493 20 493 57 466 57 neuron 0
422 82 446 82 446 118 422 118 neuron 0
496 103 519 103 519 135 496 135 neuron 0
471 193 496 193 496 231 471 231 neuron 0
575 146 599 146 599 182 575 182 neuron 0
568 17 591 17 591 52 568 52 neuron 0
582 17 605 17 605 51 582 51 neuron 0
587 1 610 1 610 35 587 35 neuron 0
567 41 589 41 589 71 567 71 neuron 0
580 38 603 38 603 66 580 66 neuron 0
585 51 608 51 608 84 585 84 neuron 0
573 71 594 71 594 105 573 105 neuron 0
564 95 588 95 588 132 564 132 neuron 0
586 119 608 119 608 152 586 152 neuron 0
600 132 620 132 620 164 600 164 neuron 0
33 177 58 177 58 216 33 216 neuron 0
55 156 81 156 81 197 55 197 neuron 0
113 131 137 131 137 171 113 171 neuron 0
81 3 106 3 106 40 81 40 neuron 0