25 469 50 469 50 508 25 508 neuron 0
18 491 40 491 40 525 18 525 neuron 0
10 505 32 505 32 540 10 540 neuron 0
30 500 54 500 54 535 30 535 neuron 0
41 335 65 335 65 379 41 379 neuron 0
48 222 72 222 72 258 48 258 neuron 0
57 189 80 189 80 224 57 224 neuron 0
116 197 141 197 141 232 116 232 neuron 0
133 187 155 187 155 220 133 220 neuron 0
188 200 217 200 217 239 188 239 neuron 0
208 212 232 212 232 248 208 248 neuron 0
227 244 250 244 250 279 227 279 neuron 0
249 241 272 241 272 275 249 275 neuron 0
234 264 256 264 256 296 234 296 neuron 0
246 269 268 269 268 303 246 303 neuron 0
261 265 284 265 284 300 261 300 neuron 0
264 247 285 247 285 279 264 279 neuron 0
300 257 326 257 326 291 300 291 neuron 0
390 223 414 223 414 259 390 259 neuron 0
383 250 407 250 407 290 383 290 neuron 0
378 278 401 278 401 310 378 310 neuron 0
382 305 405 305 405 339 382 339 neuron 0
392 289 415 289 415 324 392 324 neuron 0
368 389 390 389 390 427 368 427 neuron 0
360 371 383 371 383 404 360 404 neuron 0
387 423 407 423 407 460 387 460 neuron 0
420 407 447 407 447 441 420 441 neuron 0
460 411 485 411 485 444 460 444 neuron 0
460 387 487 387 487 421 460 421 neuron 0
470 327 492 327 492 365 470 365 neuron 0
474 352 496 352 496 384 474 384 neuron 0
476 373 500 373 500 404 476 404 neuron 0
484 307 504 307 504 345 484 345 neuron 0
496 300 515 300 515 339 496 339 neuron 0
507 286 527 286 527 326 507 326 neuron 0
363 477 383 477 383 515 363 515 neuron 0
365 456 388 456 388 487 365 487 neuron 0
362 518 384 518 384 562 362 562 neuron 0
372 503 394 503 394 539 372 539 neuron 0
384 516 409 516 409 545 384 545 neuron 0
370 576 396 576 396 611 370 611 neuron 0
402 549 424 549 424 584 402 584 neuron 0
410 571 432 571 432 607 410 607 neuron 0
420 555 441 555 441 591 420 591 neuron 0
404 468 428 468 428 500 404 500 neuron 0
420 467 442 467 442 501 420 501 neuron 0
419 491 442 491 442 525 419 525 neuron 0
428 512 452 512 452 549 428 549 neuron 0
436 488 458 488 458 523 436 523 neuron 0
438 471 461 471 461 501 438 501 neuron 0
444 507 467 507 467 540 444 540 neuron 0
453 481 475 481 475 512 453 512 neuron 0
458 503 478 503 478 539 458 539 neuron 0
472 481 496 481 496 515 472 515 neuron 0
473 504 494 504 494 541 473 541 neuron 0
482 520 506 520 506 552 482 552 neuron 0
490 505 515 505 515 539 490 539 neuron 0
498 488 520 488 520 521 498 521 neuron 0
508 513 530 513 530 552 508 552 neuron 0
513 305 537 305 537 343 513 343 neuron 0
519 288 543 288 543 319 519 319 neuron 0
566 311 588 311 588 345 566 345 neuron 0
571 264 593 264 593 301 571 301 neuron 0
583 247 607 247 607 280 583 280 neuron 0
587 203 611 203 611 241 587 241 neuron 0
587 267 612 267 612 300 587 300 neuron 0
552 340 577 340 577 376 552 376 neuron 0
554 364 581 364 581 401 554 401 neuron 0
543 360 563 360 563 393 543 393 neuron 0
531 364 553 364 553 404 531 404 neuron 0
506 452 531 452 531 488 506 488 neuron 0
581 473 603 473 603 516 581 516 neuron 0
375 3 400 3 400 41 375 41 neuron 0
434 95 459 95 459 136 434 136 neuron 0
514 11 537 11 537 53 514 53 neuron 0
358 80 378 80 378 111 358 111 neuron 0
345 91 368 91 368 128 345 128 neuron 0
353 105 376 105 376 143 353 143 neuron 0
357 131 380 131 380 167 357 167 neuron 0
367 118 391 118 391 150 367 150 neuron 0
365 90 393 90 393 130 365 130 neuron 0
27 180 59 180 59 224 27 224 neuron 0
46 171 68 171 68 208 46 208 neuron 0
60 51 85 51 85 92 60 92 neuron 0
80 75 102 75 102 115 80 115 neuron 0
114 8 135 8 135 44 114 44 neuron 0
125 12 150 12 150 53 125 53 neuron 0
74 174 99 174 99 214 74 214 neuron 0
100 149 123 149 123 187 100 187 neuron 0
114 151 138 151 138 187 114 187 neuron 0
130 152 152 152 152 189 130 189 neuron 0
138 168 164 168 164 203 138 203 neuron 0