145 263 168 263 168 297 145 297 neuron 0
134 279 157 279 157 315 134 315 neuron 0
133 319 155 319 155 356 133 356 neuron 0
150 288 177 288 177 324 150 324 neuron 0
148 311 171 311 171 340 148 340 neuron 0
174 251 200 251 200 291 174 291 neuron 0
194 348 218 348 218 383 194 383 neuron 0
192 363 216 363 216 399 192 399 neuron 0
224 376 248 376 248 412 224 412 neuron 0
215 390 238 390 238 422 215 422 neuron 0
214 596 238 596 238 633 214 633 neuron 0
314 458 338 458 338 494 314 494 neuron 0
462 499 486 499 486 533 462 533 neuron 0
480 612 502 612 502 640 480 640 neuron 0
353 558 374 558 374 594 353 594 neuron 0
340 563 363 563 363 604 340 604 neuron 0
410 557 434 557 434 591 410 591 neuron 0
415 579 439 579 439 612 415 612 neuron 0
327 201 351 201 351 236 327 236 neuron 0
371 239 396 239 396 279 371 279 neuron 0
392 270 416 270 416 306 392 306 neuron 0
434 258 460 258 460 302 434 302 neuron 0
418 355 442 355 442 393 418 393 neuron 0
442 352 468 352 468 388 442 388 neuron 0
615 553 636 553 636 588 615 588 neuron 0
567 411 589 411 589 449 567 449 neuron 0
557 239 581 239 581 276 557 276 neuron 0
622 8 640 8 640 49 622 49 neuron 0
312 158 334 158 334 194 312 194 neuron 0
298 155 320 155 320 191 298 191 neuron 0
255 53 282 53 282 92 255 92 neuron 0
70 113 92 113 92 156 70 156 neuron 0
79 92 101 92 101 127 79 127 neuron 0