226 572 250 572 250 611 226 611 neuron 0
146 244 168 244 168 279 146 279 neuron 0
175 231 198 231 198 272 175 272 neuron 0
137 263 159 263 159 297 137 297 neuron 0
149 268 177 268 177 303 149 303 neuron 0
148 292 173 292 173 321 148 321 neuron 0
196 324 223 324 223 361 196 361 neuron 0
194 343 221 343 221 379 194 379 neuron 0
226 349 252 349 252 388 226 388 neuron 0
217 364 241 364 241 399 217 399 neuron 0
321 425 344 425 344 463 321 463 neuron 0
469 455 494 455 494 492 469 492 neuron 0
489 563 515 563 515 600 489 600 neuron 0
425 538 448 538 448 570 425 570 neuron 0
421 519 446 519 446 551 421 551 neuron 0
363 521 383 521 383 556 363 556 neuron 0
351 530 373 530 373 570 351 570 neuron 0
360 584 382 584 382 615 360 615 neuron 0
385 606 409 606 409 640 385 640 neuron 0
419 315 445 315 445 352 419 352 neuron 0
446 308 470 308 470 344 446 344 neuron 0
371 204 395 204 395 240 371 240 neuron 0
393 231 416 231 416 265 393 265 neuron 0
422 257 448 257 448 295 422 295 neuron 0
434 222 458 222 458 262 434 262 neuron 0
572 359 594 359 594 397 572 397 neuron 0
564 559 590 559 590 595 564 595 neuron 0
624 498 640 498 640 534 624 534 neuron 0
557 190 581 190 581 222 557 222 neuron 0
326 171 349 171 349 205 326 205 neuron 0
321 149 345 149 345 183 321 183 neuron 0
308 125 332 125 332 163 308 163 neuron 0
293 125 316 125 316 164 293 164 neuron 0
65 105 88 105 88 144 65 144 neuron 0
73 80 97 80 97 119 73 119 neuron 0
249 27 274 27 274 64 249 64 neuron 0
217 335 238 335 238 373 217 373 neuron 0
222 328 247 328 247 361 222 361 neuron 0
369 497 392 497 392 535 369 535 neuron 0
396 515 420 515 420 549 396 549 neuron 0