61 269 84 269 84 304 61 304 neuron 0
58 239 81 239 81 277 58 277 neuron 0
35 263 60 263 60 296 35 296 neuron 0
44 243 67 243 67 281 44 281 neuron 0
46 224 70 224 70 253 46 253 neuron 0
51 199 75 199 75 235 51 235 neuron 0
70 208 92 208 92 241 70 241 neuron 0
76 190 99 190 99 222 76 222 neuron 0
91 184 111 184 111 216 91 216 neuron 0
84 211 105 211 105 244 84 244 neuron 0
70 232 91 232 91 265 70 265 neuron 0
71 253 93 253 93 287 71 287 neuron 0
143 383 167 383 167 424 143 424 neuron 0
157 416 181 416 181 456 157 456 neuron 0
154 445 177 445 177 483 154 483 neuron 0
177 425 202 425 202 459 177 459 neuron 0
186 443 209 443 209 479 186 479 neuron 0
200 435 224 435 224 472 200 472 neuron 0
196 459 218 459 218 493 196 493 neuron 0
183 468 205 468 205 505 183 505 neuron 0
183 544 204 544 204 585 183 585 neuron 0
195 547 220 547 220 584 195 584 neuron 0
336 499 357 499 357 533 336 533 neuron 0
350 468 373 468 373 505 350 505 neuron 0
365 465 385 465 385 499 365 499 neuron 0
457 459 486 459 486 491 457 491 neuron 0
320 312 348 312 348 347 320 347 neuron 0
335 334 358 334 358 374 335 374 neuron 0
349 331 369 331 369 359 349 359 neuron 0
348 351 371 351 371 385 348 385 neuron 0
359 338 383 338 383 378 359 378 neuron 0
348 376 372 376 372 421 348 421 neuron 0
364 384 385 384 385 419 364 419 neuron 0
312 148 336 148 336 184 312 184 neuron 0
510 108 534 108 534 145 510 145 neuron 0
588 215 612 215 612 252 588 252 neuron 0
542 455 570 455 570 495 542 495 neuron 0
538 408 559 408 559 444 538 444 neuron 0
548 372 570 372 570 409 548 409 neuron 0
594 430 618 430 618 466 594 466 neuron 0
590 455 617 455 617 489 590 489 neuron 0
612 376 637 376 637 413 612 413 neuron 0
607 404 631 404 631 441 607 441 neuron 0
572 395 596 395 596 431 572 431 neuron 0
586 412 610 412 610 449 586 449 neuron 0
447 192 473 192 473 229 447 229 neuron 0
457 224 481 224 481 260 457 260 neuron 0
424 204 448 204 448 239 424 239 neuron 0
373 264 395 264 395 291 373 291 neuron 0
386 256 408 256 408 283 386 283 neuron 0
369 280 394 280 394 320 369 320 neuron 0
396 263 420 263 420 297 396 297 neuron 0
411 265 436 265 436 300 411 300 neuron 0
422 249 446 249 446 284 422 284 neuron 0
425 228 446 228 446 261 425 261 neuron 0
435 240 461 240 461 273 435 273 neuron 0
384 273 408 273 408 311 384 311 neuron 0
42 171 67 171 67 212 42 212 neuron 0
125 4 149 4 149 43 125 43 neuron 0
268 71 293 71 293 108 268 108 neuron 0
361 16 387 16 387 52 361 52 neuron 0
380 26 403 26 403 62 380 62 neuron 0