38 555 61 555 61 587 38 587 neuron 0
49 560 73 560 73 596 49 596 neuron 0
49 369 74 369 74 411 49 411 neuron 0
80 439 107 439 107 472 80 472 neuron 0
95 463 119 463 119 501 95 501 neuron 0
105 443 128 443 128 483 105 483 neuron 0
102 408 125 408 125 449 102 449 neuron 0
85 475 105 475 105 508 85 508 neuron 0
99 500 124 500 124 537 99 537 neuron 0
134 464 157 464 157 496 134 496 neuron 0
137 356 161 356 161 392 137 392 neuron 0
34 264 61 264 61 303 34 303 neuron 0
69 277 93 277 93 311 69 311 neuron 0
80 261 99 261 99 296 80 296 neuron 0
94 275 116 275 116 311 94 311 neuron 0
178 369 202 369 202 407 178 407 neuron 0
180 412 204 412 204 445 180 445 neuron 0
203 372 228 372 228 405 203 405 neuron 0
204 355 226 355 226 383 204 383 neuron 0
251 600 276 600 276 635 251 635 neuron 0
288 485 309 485 309 524 288 524 neuron 0
284 427 310 427 310 464 284 464 neuron 0
292 511 313 511 313 547 292 547 neuron 0
305 515 326 515 326 549 305 549 neuron 0
306 540 333 540 333 573 306 573 neuron 0
331 408 356 408 356 447 331 447 neuron 0
245 239 273 239 273 280 245 280 neuron 0
17 187 40 187 40 228 17 228 neuron 0
89 187 110 187 110 220 89 220 neuron 0
128 224 153 224 153 260 128 260 neuron 0
160 220 183 220 183 259 160 259 neuron 0
172 232 197 232 197 271 172 271 neuron 0
296 184 323 184 323 219 296 219 neuron 0
371 340 395 340 395 376 371 376 neuron 0
365 202 391 202 391 238 365 238 neuron 0
381 197 405 197 405 231 381 231 neuron 0
395 307 418 307 418 345 395 345 neuron 0
409 440 432 440 432 473 409 473 neuron 0
451 505 475 505 475 540 451 540 neuron 0
504 532 527 532 527 567 504 567 neuron 0
489 535 515 535 515 576 489 576 neuron 0
479 560 504 560 504 593 479 593 neuron 0
481 581 507 581 507 616 481 616 neuron 0
534 452 559 452 559 487 534 487 neuron 0
543 436 566 436 566 468 543 468 neuron 0
555 463 577 463 577 499 555 499 neuron 0
617 547 640 547 640 583 617 583 neuron 0
500 396 524 396 524 429 500 429 neuron 0
421 295 441 295 441 333 421 333 neuron 0
429 279 453 279 453 315 429 315 neuron 0
429 259 455 259 455 292 429 292 neuron 0
443 285 464 285 464 327 443 327 neuron 0
493 268 520 268 520 311 493 311 neuron 0
542 290 567 290 567 330 542 330 neuron 0
481 234 506 234 506 270 481 270 neuron 0
465 231 490 231 490 264 465 264 neuron 0
445 220 471 220 471 257 445 257 neuron 0
448 152 474 152 474 188 448 188 neuron 0
528 175 551 175 551 208 528 208 neuron 0
507 6 534 6 534 42 507 42 neuron 0
575 23 601 23 601 59 575 59 neuron 0
578 47 604 47 604 76 578 76 neuron 0
568 140 593 140 593 176 568 176 neuron 0
585 140 611 140 611 173 585 173 neuron 0
614 112 637 112 637 143 614 143 neuron 0
599 108 621 108 621 139 599 139 neuron 0
582 104 606 104 606 137 582 137 neuron 0
592 83 615 83 615 116 592 116 neuron 0
608 85 630 85 630 119 608 119 neuron 0
597 125 619 125 619 152 597 152 neuron 0
75 109 100 109 100 147 75 147 neuron 0
81 84 105 84 105 120 81 120 neuron 0
81 56 101 56 101 92 81 92 neuron 0
93 51 113 51 113 88 93 88 neuron 0
105 47 128 47 128 84 105 84 neuron 0
109 14 131 14 131 50 109 50 neuron 0
231 20 257 20 257 59 231 59 neuron 0
122 424 154 424 154 461 122 461 neuron 0