47 359 74 359 74 396 47 396 neuron 0
60 315 87 315 87 355 60 355 neuron 0
70 332 95 332 95 367 70 367 neuron 0
87 327 109 327 109 361 87 361 neuron 0
107 243 131 243 131 283 107 283 neuron 0
123 240 144 240 144 279 123 279 neuron 0
130 326 151 326 151 362 130 362 neuron 0
144 328 166 328 166 373 144 373 neuron 0
170 425 192 425 192 467 170 467 neuron 0
181 448 203 448 203 484 181 484 neuron 0
188 499 212 499 212 533 188 533 neuron 0
172 510 200 510 200 550 172 550 neuron 0
159 225 183 225 183 260 159 260 neuron 0
167 212 191 212 191 247 167 247 neuron 0
199 207 223 207 223 241 199 241 neuron 0
201 319 227 319 227 353 201 353 neuron 0
241 231 269 231 269 269 241 269 neuron 0
293 304 320 304 320 343 293 343 neuron 0
288 395 311 395 311 431 288 431 neuron 0
217 553 241 553 241 591 217 591 neuron 0
223 578 245 578 245 610 223 610 neuron 0
233 532 255 532 255 567 233 567 neuron 0
247 535 271 535 271 567 247 567 neuron 0
251 515 275 515 275 549 251 549 neuron 0
249 493 274 493 274 527 249 527 neuron 0
256 473 278 473 278 507 256 507 neuron 0
269 467 291 467 291 501 269 501 neuron 0
262 535 284 535 284 564 262 564 neuron 0
275 525 298 525 298 556 275 556 neuron 0
267 489 291 489 291 523 267 523 neuron 0
285 494 313 494 313 530 285 530 neuron 0
288 519 313 519 313 551 288 551 neuron 0
290 577 317 577 317 619 290 619 neuron 0
280 571 301 571 301 607 280 607 neuron 0
297 554 324 554 324 590 297 590 neuron 0
356 385 381 385 381 423 356 423 neuron 0
376 348 401 348 401 381 376 381 neuron 0
378 304 403 304 403 341 378 341 neuron 0
376 286 402 286 402 318 376 318 neuron 0
393 316 418 316 418 349 393 349 neuron 0
403 293 426 293 426 328 403 328 neuron 0
402 540 429 540 429 577 402 577 neuron 0
443 516 466 516 466 551 443 551 neuron 0
443 556 467 556 467 589 443 589 neuron 0
454 539 480 539 480 573 454 573 neuron 0
454 572 480 572 480 607 454 607 neuron 0
474 572 497 572 497 615 474 615 neuron 0
438 256 463 256 463 289 438 289 neuron 0
454 289 477 289 477 324 454 324 neuron 0
477 231 500 231 500 265 477 265 neuron 0
491 232 515 232 515 271 491 271 neuron 0
490 296 515 296 515 328 490 328 neuron 0
494 313 519 313 519 348 494 348 neuron 0
492 393 515 393 515 431 492 431 neuron 0
509 444 531 444 531 479 509 479 neuron 0
574 570 599 570 599 610 574 610 neuron 0
573 599 599 599 599 635 573 635 neuron 0
580 289 609 289 609 328 580 328 neuron 0
616 328 640 328 640 363 616 363 neuron 0
559 190 583 190 583 222 559 222 neuron 0
580 173 602 173 602 215 580 215 neuron 0
584 145 608 145 608 183 584 183 neuron 0
573 106 598 106 598 146 573 146 neuron 0
603 204 626 204 626 241 603 241 neuron 0
617 204 640 204 640 239 617 239 neuron 0
616 228 640 228 640 268 616 268 neuron 0
605 237 627 237 627 271 605 271 neuron 0
369 76 394 76 394 112 369 112 neuron 0
361 30 384 30 384 62 361 62 neuron 0
433 128 455 128 455 168 433 168 neuron 0
439 110 462 110 462 146 439 146 neuron 0
439 40 463 40 463 75 439 75 neuron 0
451 9 477 9 477 44 451 44 neuron 0
522 27 545 27 545 67 522 67 neuron 0
533 4 555 4 555 40 533 40 neuron 0
74 136 100 136 100 173 74 173 neuron 0
104 163 129 163 129 197 104 197 neuron 0
110 133 134 133 134 164 110 164 neuron 0
112 109 136 109 136 144 112 144 neuron 0
105 6 129 6 129 46 105 46 neuron 0
118 24 142 24 142 61 118 61 neuron 0
128 72 150 72 150 107 128 107 neuron 0
147 87 170 87 170 127 147 127 neuron 0
168 93 194 93 194 131 168 131 neuron 0
158 115 182 115 182 149 158 149 neuron 0
223 119 248 119 248 155 223 155 neuron 0
292 94 316 94 316 130 292 130 neuron 0