77 547 101 547 101 580 77 580 neuron 0
82 576 109 576 109 623 82 623 neuron 0
36 296 63 296 63 335 36 335 neuron 0
56 297 82 297 82 332 56 332 neuron 0
30 206 58 206 58 246 30 246 neuron 0
16 252 36 252 36 281 16 281 neuron 0
83 335 106 335 106 375 83 375 neuron 0
80 391 105 391 105 433 80 433 neuron 0
72 412 94 412 94 449 72 449 neuron 0
102 376 130 376 130 409 102 409 neuron 0
129 373 164 373 164 423 129 423 neuron 0
112 543 139 543 139 576 112 576 neuron 0
149 561 178 561 178 599 149 599 neuron 0
162 549 187 549 187 588 162 588 neuron 0
147 583 172 583 172 611 147 611 neuron 0
225 556 252 556 252 592 225 592 neuron 0
269 559 295 559 295 593 269 593 neuron 0
250 432 277 432 277 473 250 473 neuron 0
197 377 220 377 220 412 197 412 neuron 0
249 343 274 343 274 377 249 377 neuron 0
191 260 215 260 215 297 191 297 neuron 0
186 224 211 224 211 265 186 265 neuron 0
201 240 224 240 224 276 201 276 neuron 0
216 247 242 247 242 285 216 285 neuron 0
216 275 240 275 240 307 216 307 neuron 0
310 551 336 551 336 591 310 591 neuron 0
367 453 390 453 390 488 367 488 neuron 0
484 404 508 404 508 441 484 441 neuron 0
482 379 506 379 506 415 482 415 neuron 0
498 395 524 395 524 427 498 427 neuron 0
521 378 548 378 548 414 521 414 neuron 0
266 205 297 205 297 244 266 244 neuron 0
402 242 428 242 428 278 402 278 neuron 0
394 225 420 225 420 260 394 260 neuron 0
438 247 464 247 464 287 438 287 neuron 0
503 204 528 204 528 236 503 236 neuron 0
461 239 486 239 486 277 461 277 neuron 0
372 195 401 195 401 232 372 232 neuron 0
373 115 398 115 398 155 373 155 neuron 0
402 49 428 49 428 87 402 87 neuron 0
498 129 519 129 519 163 498 163 neuron 0
570 157 595 157 595 195 570 195 neuron 0
612 76 635 76 635 113 612 113 neuron 0
608 162 631 162 631 202 608 202 neuron 0
601 149 623 149 623 187 601 187 neuron 0
614 254 637 254 637 294 614 294 neuron 0
614 293 640 293 640 332 614 332 neuron 0
594 27 621 27 621 65 594 65 neuron 0
588 4 608 4 608 43 588 43 neuron 0
606 11 629 11 629 43 606 43 neuron 0
584 31 604 31 604 64 584 64 neuron 0
612 24 634 24 634 60 612 60 neuron 0
349 176 378 176 378 211 349 211 neuron 0
346 155 370 155 370 187 346 187 neuron 0
336 133 358 133 358 168 336 168 neuron 0
329 154 352 154 352 190 329 190 neuron 0
335 103 360 103 360 143 335 143 neuron 0
333 44 358 44 358 81 333 81 neuron 0
227 52 254 52 254 91 227 91 neuron 0
23 159 49 159 49 193 23 193 neuron 0
104 163 129 163 129 199 104 199 neuron 0
126 132 152 132 152 173 126 173 neuron 0
41 45 67 45 67 84 41 84 neuron 0
54 62 79 62 79 98 54 98 neuron 0
81 29 106 29 106 68 81 68 neuron 0
430 302 447 302 447 330 430 330 neuron 0
254 38 272 38 272 66 254 66 neuron 0