31 224 57 224 57 261 31 261 neuron 0
39 305 65 305 65 347 39 347 neuron 0
57 307 84 307 84 341 57 341 neuron 0
86 340 110 340 110 381 86 381 neuron 0
86 395 110 395 110 439 86 439 neuron 0
78 420 100 420 100 451 78 451 neuron 0
110 378 136 378 136 414 110 414 neuron 0
136 373 168 373 168 423 136 423 neuron 0
89 549 114 549 114 587 89 587 neuron 0
95 577 124 577 124 627 95 627 neuron 0
127 541 151 541 151 579 127 579 neuron 0
150 532 176 532 176 565 150 565 neuron 0
166 530 189 530 189 562 166 562 neuron 0
177 544 198 544 198 581 177 581 neuron 0
163 551 188 551 188 592 163 592 neuron 0
159 578 183 578 183 606 159 606 neuron 0
179 528 203 528 203 559 179 559 neuron 0
238 545 264 545 264 579 238 579 neuron 0
280 541 306 541 306 576 280 576 neuron 0
322 529 344 529 344 563 322 563 neuron 0
256 419 287 419 287 460 256 460 neuron 0
202 369 224 369 224 404 202 404 neuron 0
254 328 280 328 280 364 254 364 neuron 0
184 217 211 217 211 259 184 259 neuron 0
201 232 223 232 223 265 201 265 neuron 0
216 235 240 235 240 275 216 275 neuron 0
190 254 214 254 214 290 190 290 neuron 0
369 168 396 168 396 205 369 205 neuron 0
395 199 420 199 420 229 395 229 neuron 0
402 213 426 213 426 247 402 247 neuron 0
439 216 463 216 463 251 439 251 neuron 0
448 196 471 196 471 232 448 232 neuron 0
461 205 483 205 483 240 461 240 neuron 0
502 159 524 159 524 195 502 195 neuron 0
492 89 515 89 515 123 492 123 neuron 0
487 340 512 340 512 375 487 375 neuron 0
490 365 512 365 512 403 490 403 neuron 0
505 352 530 352 530 387 505 387 neuron 0
528 335 554 335 554 368 528 368 neuron 0
566 107 590 107 590 144 566 144 neuron 0
595 97 616 97 616 132 595 132 neuron 0
604 111 626 111 626 148 604 148 neuron 0
614 203 634 203 634 239 614 239 neuron 0
617 239 640 239 640 280 617 280 neuron 0
366 91 390 91 390 128 366 128 neuron 0
347 152 374 152 374 187 347 187 neuron 0
323 21 349 21 349 59 323 59 neuron 0
394 19 419 19 419 57 394 57 neuron 0
328 79 352 79 352 119 328 119 neuron 0
331 108 352 108 352 147 331 147 neuron 0
325 129 346 129 346 163 325 163 neuron 0
343 130 366 130 366 166 343 166 neuron 0
604 23 626 23 626 59 604 59 neuron 0
20 165 46 165 46 200 20 200 neuron 0
101 167 125 167 125 200 101 200 neuron 0
121 133 148 133 148 175 121 175 neuron 0
218 41 246 41 246 79 218 79 neuron 0
263 189 293 189 293 231 263 231 neuron 0
34 52 58 52 58 97 34 97 neuron 0
49 68 73 68 73 107 49 107 neuron 0
73 36 97 36 97 73 73 73 neuron 0