7 452 30 452 30 488 7 488 neuron 0
56 361 82 361 82 400 56 400 neuron 0
68 319 92 319 92 359 68 359 neuron 0
77 336 101 336 101 371 77 371 neuron 0
92 329 115 329 115 364 92 364 neuron 0
112 243 136 243 136 283 112 283 neuron 0
128 240 150 240 150 280 128 280 neuron 0
136 325 159 325 159 364 136 364 neuron 0
150 331 174 331 174 372 150 372 neuron 0
164 223 187 223 187 259 164 259 neuron 0
172 211 195 211 195 248 172 248 neuron 0
204 203 229 203 229 239 204 239 neuron 0
207 317 234 317 234 352 207 352 neuron 0
177 425 203 425 203 467 177 467 neuron 0
190 445 211 445 211 484 190 484 neuron 0
179 507 206 507 206 547 179 547 neuron 0
196 498 222 498 222 534 196 534 neuron 0
246 227 273 227 273 264 246 264 neuron 0
299 300 326 300 326 337 299 337 neuron 0
292 391 317 391 317 425 292 425 neuron 0
224 551 249 551 249 592 224 592 neuron 0
233 573 255 573 255 607 233 607 neuron 0
243 525 265 525 265 563 243 563 neuron 0
257 533 280 533 280 564 257 564 neuron 0
258 511 281 511 281 544 258 544 neuron 0
258 491 281 491 281 523 258 523 neuron 0
272 525 295 525 295 560 272 560 neuron 0
285 516 306 516 306 553 285 553 neuron 0
264 472 287 472 287 505 264 505 neuron 0
294 489 320 489 320 524 294 524 neuron 0
297 512 322 512 322 544 297 544 neuron 0
288 565 309 565 309 603 288 603 neuron 0
301 572 325 572 325 613 301 613 neuron 0
305 547 331 547 331 588 305 588 neuron 0
363 379 388 379 388 417 363 417 neuron 0
366 286 390 286 390 326 366 326 neuron 0
381 277 407 277 407 307 381 307 neuron 0
385 297 409 297 409 335 385 335 neuron 0
382 324 407 324 407 353 382 353 neuron 0
385 342 407 342 407 374 385 374 neuron 0
401 310 425 310 425 342 401 342 neuron 0
409 284 433 284 433 320 409 320 neuron 0
410 532 437 532 437 568 410 568 neuron 0
451 507 476 507 476 543 451 543 neuron 0
450 548 475 548 475 579 450 579 neuron 0
462 531 488 531 488 560 462 560 neuron 0
463 564 487 564 487 597 463 597 neuron 0
483 564 508 564 508 605 483 605 neuron 0
583 585 609 585 609 623 583 623 neuron 0
584 559 608 559 608 597 584 597 neuron 0
579 536 601 536 601 573 579 573 neuron 0
497 382 521 382 521 422 497 422 neuron 0
515 432 539 432 539 469 515 469 neuron 0
443 247 469 247 469 280 443 280 neuron 0
459 277 480 277 480 316 459 316 neuron 0
496 284 521 284 521 317 496 317 neuron 0
501 307 524 307 524 337 501 337 neuron 0
483 221 504 221 504 256 483 256 neuron 0
496 223 520 223 520 260 496 260 neuron 0
584 276 615 276 615 311 584 311 neuron 0
373 71 399 71 399 107 373 107 neuron 0
436 121 461 121 461 160 436 160 neuron 0
444 99 467 99 467 136 444 136 neuron 0
442 28 467 28 467 64 442 64 neuron 0
453 1 478 1 478 35 453 35 neuron 0
523 16 549 16 549 57 523 57 neuron 0
578 91 602 91 602 132 578 132 neuron 0
564 176 588 176 588 207 564 207 neuron 0
582 159 608 159 608 201 582 201 neuron 0
588 131 612 131 612 168 588 168 neuron 0
610 188 631 188 631 225 610 225 neuron 0
609 221 633 221 633 259 609 259 neuron 0
623 188 640 188 640 224 623 224 neuron 0
109 163 134 163 134 196 109 196 neuron 0
113 135 138 135 138 169 113 169 neuron 0
118 109 140 109 140 147 118 147 neuron 0
107 11 131 11 131 47 107 47 neuron 0
121 24 143 24 143 64 121 64 neuron 0
130 71 153 71 153 108 130 108 neuron 0
138 89 161 89 161 131 138 131 neuron 0
153 85 176 85 176 124 153 124 neuron 0
162 113 185 113 185 152 162 152 neuron 0
171 92 197 92 197 129 171 129 neuron 0
226 116 252 116 252 153 226 153 neuron 0
295 90 318 90 318 126 295 126 neuron 0
363 20 387 20 387 56 363 56 neuron 0
76 139 104 139 104 179 76 179 neuron 0