13 481 40 481 40 516 13 516 neuron 0
12 505 37 505 37 540 12 540 neuron 0
7 346 30 346 30 386 7 386 neuron 0
21 344 46 344 46 383 21 383 neuron 0
27 328 52 328 52 361 27 361 neuron 0
39 441 63 441 63 483 39 483 neuron 0
54 481 75 481 75 516 54 516 neuron 0
66 494 91 494 91 526 66 526 neuron 0
63 473 84 473 84 503 63 503 neuron 0
66 448 89 448 89 483 66 483 neuron 0
73 434 93 434 93 466 73 466 neuron 0
86 420 109 420 109 457 86 457 neuron 0
82 451 104 451 104 487 82 487 neuron 0
81 476 104 476 104 512 81 512 neuron 0
106 566 133 566 133 602 106 602 neuron 0
140 511 164 511 164 548 140 548 neuron 0
137 569 166 569 166 611 137 611 neuron 0
155 474 179 474 179 510 155 510 neuron 0
27 184 49 184 49 221 27 221 neuron 0
94 199 121 199 121 236 94 236 neuron 0
138 268 161 268 161 305 138 305 neuron 0
185 383 211 383 211 428 185 428 neuron 0
182 597 207 597 207 636 182 636 neuron 0
290 408 315 408 315 443 290 443 neuron 0
250 516 277 516 277 551 250 551 neuron 0
268 503 295 503 295 543 268 543 neuron 0
263 532 287 532 287 563 263 563 neuron 0
252 543 273 543 273 577 252 577 neuron 0
263 560 283 560 283 588 263 588 neuron 0
285 555 309 555 309 591 285 591 neuron 0
274 553 294 553 294 588 274 588 neuron 0
309 518 331 518 331 554 309 554 neuron 0
313 551 335 551 335 588 313 588 neuron 0
300 565 322 565 322 599 300 599 neuron 0
279 533 301 533 301 567 279 567 neuron 0
337 579 365 579 365 621 337 621 neuron 0
439 508 461 508 461 545 439 545 neuron 0
469 468 494 468 494 505 469 505 neuron 0
504 439 527 439 527 469 504 469 neuron 0
506 419 531 419 531 449 506 449 neuron 0
464 240 489 240 489 276 464 276 neuron 0
289 521 310 521 310 551 289 551 neuron 0
298 545 321 545 321 576 298 576 neuron 0
512 505 541 505 541 539 512 539 neuron 0
529 604 552 604 552 640 529 640 neuron 0
551 398 574 398 574 434 551 434 neuron 0
534 286 560 286 560 326 534 326 neuron 0
586 560 609 560 609 595 586 595 neuron 0
574 523 596 523 596 556 574 556 neuron 0
568 504 590 504 590 537 568 537 neuron 0
584 492 609 492 609 531 584 531 neuron 0
592 472 615 472 615 508 592 508 neuron 0
318 88 341 88 341 124 318 124 neuron 0
388 23 414 23 414 61 388 61 neuron 0
423 121 447 121 447 159 423 159 neuron 0
476 1 500 1 500 35 476 35 neuron 0
467 61 492 61 492 99 467 99 neuron 0
492 145 516 145 516 183 492 183 neuron 0
567 199 593 199 593 233 567 233 neuron 0
619 228 640 228 640 261 619 261 neuron 0
592 194 613 194 613 222 592 222 neuron 0
592 172 617 172 617 203 592 203 neuron 0
579 172 603 172 603 207 579 207 neuron 0
558 148 581 148 581 181 558 181 neuron 0
581 103 602 103 602 135 581 135 neuron 0
575 88 597 88 597 116 575 116 neuron 0
579 67 601 67 601 100 579 100 neuron 0
587 49 610 49 610 87 587 87 neuron 0
567 39 590 39 590 75 567 75 neuron 0
567 64 587 64 587 97 567 97 neuron 0
562 88 584 88 584 121 562 121 neuron 0
49 164 75 164 75 201 49 201 neuron 0
81 7 105 7 105 43 81 43 neuron 0
108 143 133 143 133 183 108 183 neuron 0