19 588 43 588 43 629 19 629 neuron 0
7 540 31 540 31 576 7 576 neuron 0
3 560 24 560 24 588 3 588 neuron 0
5 519 30 519 30 559 5 559 neuron 0
34 503 60 503 60 537 34 537 neuron 0
35 479 63 479 63 515 35 515 neuron 0
30 343 51 343 51 383 30 383 neuron 0
49 324 74 324 74 361 49 361 neuron 0
43 343 67 343 67 383 43 383 neuron 0
61 441 85 441 85 483 61 483 neuron 0
76 477 97 477 97 515 76 515 neuron 0
87 467 112 467 112 499 87 499 neuron 0
88 445 111 445 111 479 88 479 neuron 0
96 431 115 431 115 465 96 465 neuron 0
107 419 130 419 130 456 107 456 neuron 0
105 449 127 449 127 484 105 484 neuron 0
104 474 126 474 126 510 104 510 neuron 0
89 487 113 487 113 524 89 524 neuron 0
116 199 141 199 141 235 116 235 neuron 0
157 265 180 265 180 303 157 303 neuron 0
208 382 231 382 231 422 208 422 neuron 0
179 469 204 469 204 504 179 504 neuron 0
164 505 187 505 187 543 164 543 neuron 0
130 561 155 561 155 600 130 600 neuron 0
161 567 190 567 190 607 161 607 neuron 0
205 595 230 595 230 633 205 633 neuron 0
272 511 298 511 298 547 272 547 neuron 0
275 539 295 539 295 572 275 572 neuron 0
285 525 310 525 310 559 285 559 neuron 0
291 496 316 496 316 531 291 531 neuron 0
284 555 305 555 305 585 284 585 neuron 0
297 551 318 551 318 583 297 583 neuron 0
309 548 331 548 331 585 309 585 neuron 0
312 515 334 515 334 548 312 548 neuron 0
319 535 345 535 345 567 319 567 neuron 0
330 511 353 511 353 547 330 547 neuron 0
323 559 346 559 346 593 323 593 neuron 0
337 546 358 546 358 582 337 582 neuron 0
315 401 335 401 335 435 315 435 neuron 0
360 573 388 573 388 615 360 615 neuron 0
459 499 483 499 483 536 459 536 neuron 0
489 457 517 457 517 499 489 499 neuron 0
537 496 564 496 564 529 537 529 neuron 0
527 428 549 428 549 461 527 461 neuron 0
531 408 553 408 553 441 531 441 neuron 0
539 599 562 599 562 637 539 637 neuron 0
553 596 576 596 576 632 553 632 neuron 0
609 552 632 552 632 584 609 584 neuron 0
597 512 618 512 618 544 597 544 neuron 0
590 493 615 493 615 528 590 528 neuron 0
587 460 613 460 613 499 587 499 neuron 0
572 387 595 387 595 424 572 424 neuron 0
484 232 507 232 507 269 484 269 neuron 0
588 188 613 188 613 224 588 224 neuron 0
556 275 581 275 581 313 556 313 neuron 0
338 81 361 81 361 119 338 119 neuron 0
405 16 431 16 431 53 405 53 neuron 0
443 113 466 113 466 152 443 152 neuron 0
484 55 509 55 509 92 484 92 neuron 0
511 140 535 140 535 172 511 172 neuron 0
588 25 610 25 610 67 588 67 neuron 0
608 33 630 33 630 76 608 76 neuron 0
588 55 607 55 607 88 588 88 neuron 0
600 59 621 59 621 92 600 92 neuron 0
584 79 604 79 604 111 584 111 neuron 0
596 79 620 79 620 107 596 107 neuron 0
602 95 624 95 624 125 602 125 neuron 0
588 113 607 113 607 147 588 147 neuron 0
581 137 602 137 602 172 581 172 neuron 0
596 139 619 139 619 173 596 173 neuron 0
601 164 623 164 623 195 601 195 neuron 0
613 179 634 179 634 211 613 211 neuron 0
48 179 71 179 71 219 48 219 neuron 0
70 162 94 162 94 198 70 198 neuron 0
128 140 152 140 152 180 128 180 neuron 0
99 4 124 4 124 41 99 41 neuron 0