27 305 58 305 58 347 27 347 neuron 0
22 216 50 216 50 252 22 252 neuron 0
50 307 77 307 77 341 50 341 neuron 0
77 341 102 341 102 383 77 383 neuron 0
75 398 98 398 98 442 75 442 neuron 0
67 420 87 420 87 456 67 456 neuron 0
99 380 123 380 123 419 99 419 neuron 0
125 383 159 383 159 431 125 431 neuron 0
72 552 96 552 96 588 72 588 neuron 0
78 581 106 581 106 631 78 631 neuron 0
110 548 136 548 136 587 110 587 neuron 0
136 540 160 540 160 572 136 572 neuron 0
152 540 173 540 173 572 152 572 neuron 0
147 560 173 560 173 601 147 601 neuron 0
142 587 167 587 167 617 142 617 neuron 0
162 555 183 555 183 592 162 592 neuron 0
166 540 187 540 187 571 166 571 neuron 0
190 380 218 380 218 417 190 417 neuron 0
244 344 270 344 270 381 244 381 neuron 0
245 434 274 434 274 474 245 474 neuron 0
221 557 250 557 250 592 221 592 neuron 0
265 559 290 559 290 593 265 593 neuron 0
304 552 329 552 329 589 304 589 neuron 0
177 229 202 229 202 268 177 268 neuron 0
194 245 216 245 216 279 194 279 neuron 0
208 252 233 252 233 288 208 288 neuron 0
183 266 208 266 208 302 183 302 neuron 0
257 206 288 206 288 246 257 246 neuron 0
476 373 500 373 500 408 476 408 neuron 0
478 400 503 400 503 435 478 435 neuron 0
493 388 517 388 517 421 493 421 neuron 0
515 369 542 369 542 404 515 404 neuron 0
365 195 391 195 391 231 365 231 neuron 0
386 224 411 224 411 259 386 259 neuron 0
394 239 419 239 419 273 394 273 neuron 0
453 238 475 238 475 270 453 270 neuron 0
440 227 465 227 465 261 440 261 neuron 0
494 198 518 198 518 230 494 230 neuron 0
608 248 627 248 627 283 608 283 neuron 0
609 284 633 284 633 324 609 324 neuron 0
615 404 640 404 640 441 615 441 neuron 0
393 47 419 47 419 84 393 84 neuron 0
488 125 511 125 511 160 488 160 neuron 0
586 23 608 23 608 55 586 55 neuron 0
577 1 599 1 599 35 577 35 neuron 0
573 23 593 23 593 55 573 55 neuron 0
601 16 624 16 624 51 601 51 neuron 0
603 67 625 67 625 101 603 101 neuron 0
563 150 587 150 587 186 563 186 neuron 0
591 139 616 139 616 173 591 173 neuron 0
599 153 622 153 622 191 599 191 neuron 0
216 53 243 53 243 92 216 92 neuron 0
321 43 347 43 347 79 321 79 neuron 0
324 99 350 99 350 141 324 141 neuron 0
327 131 349 131 349 167 327 167 neuron 0
319 151 343 151 343 185 319 185 neuron 0
341 176 367 176 367 211 341 211 neuron 0
363 115 388 115 388 152 363 152 neuron 0
336 149 361 149 361 187 336 187 neuron 0
14 168 42 168 42 204 14 204 neuron 0
31 52 55 52 55 95 31 95 neuron 0
44 68 69 68 69 105 44 105 neuron 0
72 38 96 38 96 78 72 78 neuron 0
97 171 120 171 120 205 97 205 neuron 0
118 139 144 139 144 179 118 179 neuron 0