148 385 174 385 174 427 148 427 neuron 0
145 363 169 363 169 397 145 397 neuron 0
37 411 68 411 68 447 37 447 neuron 0
9 248 35 248 35 280 9 280 neuron 0
9 271 36 271 36 299 9 299 neuron 0
104 310 131 310 131 346 104 346 neuron 0
117 300 142 300 142 336 117 336 neuron 0
142 316 165 316 165 349 142 349 neuron 0
164 342 186 342 186 378 164 378 neuron 0
165 376 193 376 193 419 165 419 neuron 0
181 403 205 403 205 439 181 439 neuron 0
199 432 226 432 226 471 199 471 neuron 0
199 457 222 457 222 488 199 488 neuron 0
246 491 270 491 270 527 246 527 neuron 0
249 515 271 515 271 551 249 551 neuron 0
154 196 176 196 176 236 154 236 neuron 0
187 320 209 320 209 357 187 357 neuron 0
201 227 223 227 223 263 201 263 neuron 0
207 252 229 252 229 285 207 285 neuron 0
218 312 243 312 243 348 218 348 neuron 0
231 300 252 300 252 335 231 335 neuron 0
232 278 253 278 253 314 232 314 neuron 0
221 273 243 273 243 304 221 304 neuron 0
244 241 266 241 266 276 244 276 neuron 0
255 212 277 212 277 245 255 245 neuron 0
247 185 271 185 271 224 247 224 neuron 0
268 201 295 201 295 239 268 239 neuron 0
242 291 264 291 264 323 242 323 neuron 0
243 264 269 264 269 303 243 303 neuron 0
254 272 280 272 280 316 254 316 neuron 0
269 260 293 260 293 299 269 299 neuron 0
288 219 311 219 311 255 288 255 neuron 0
301 211 320 211 320 243 301 243 neuron 0
312 213 335 213 335 244 312 244 neuron 0
324 198 347 198 347 230 324 230 neuron 0
326 219 347 219 347 252 326 252 neuron 0
310 235 333 235 333 267 310 267 neuron 0
323 251 345 251 345 280 323 280 neuron 0
343 248 363 248 363 283 343 283 neuron 0
353 245 375 245 375 280 353 280 neuron 0
319 281 344 281 344 319 319 319 neuron 0
347 299 373 299 373 337 347 337 neuron 0
370 296 393 296 393 332 370 332 neuron 0
393 295 419 295 419 328 393 328 neuron 0
413 296 437 296 437 329 413 329 neuron 0
314 500 339 500 339 536 314 536 neuron 0
429 441 453 441 453 476 429 476 neuron 0
470 503 495 503 495 541 470 541 neuron 0
347 548 374 548 374 581 347 581 neuron 0
353 571 378 571 378 601 353 601 neuron 0
330 606 355 606 355 640 330 640 neuron 0
491 525 512 525 512 563 491 563 neuron 0
120 333 143 333 143 368 120 368 neuron 0
502 530 522 530 522 558 502 558 neuron 0
498 548 519 548 519 580 498 580 neuron 0
510 546 532 546 532 582 510 582 neuron 0
501 569 526 569 526 608 501 608 neuron 0
513 589 533 589 533 631 513 631 neuron 0
560 335 584 335 584 373 560 373 neuron 0
577 340 597 340 597 376 577 376 neuron 0
560 379 582 379 582 412 560 412 neuron 0
567 396 588 396 588 429 567 429 neuron 0
592 359 617 359 617 392 592 392 neuron 0
594 383 614 383 614 416 594 416 neuron 0
620 378 640 378 640 410 620 410 neuron 0
609 411 634 411 634 449 609 449 neuron 0
601 423 623 423 623 457 601 457 neuron 0
553 564 587 564 587 603 553 603 neuron 0
620 259 640 259 640 300 620 300 neuron 0
233 148 253 148 253 184 233 184 neuron 0
249 165 274 165 274 199 249 199 neuron 0
228 49 249 49 249 87 228 87 neuron 0
279 70 304 70 304 114 279 114 neuron 0
341 8 365 8 365 41 341 41 neuron 0
369 4 391 4 391 40 369 40 neuron 0
346 169 369 169 369 208 346 208 neuron 0
363 165 386 165 386 200 363 200 neuron 0
352 80 373 80 373 113 352 113 neuron 0
375 64 399 64 399 96 375 96 neuron 0
387 67 412 67 412 105 387 105 neuron 0
387 95 409 95 409 123 387 123 neuron 0
383 113 403 113 403 147 383 147 neuron 0
395 113 417 113 417 144 395 144 neuron 0
403 96 428 96 428 129 403 129 neuron 0
417 63 442 63 442 97 417 97 neuron 0
424 32 449 32 449 65 424 65 neuron 0
432 68 454 68 454 103 432 103 neuron 0
501 93 527 93 527 127 501 127 neuron 0
568 63 590 63 590 97 568 97 neuron 0
547 132 565 132 565 167 547 167 neuron 0
556 119 579 119 579 149 556 149 neuron 0
539 119 557 119 557 149 539 149 neuron 0
555 151 579 151 579 181 555 181 neuron 0
563 133 589 133 589 167 563 167 neuron 0
575 151 598 151 598 180 575 180 neuron 0
586 165 611 165 611 203 586 203 neuron 0
602 175 625 175 625 209 602 209 neuron 0
172 152 195 152 195 189 172 189 neuron 0
159 132 183 132 183 168 159 168 neuron 0
35 49 58 49 58 83 35 83 neuron 0
502 73 530 73 530 104 502 104 neuron 0