28 480 53 480 53 516 28 516 neuron 0
22 500 44 500 44 536 22 536 neuron 0
17 516 37 516 37 549 17 549 neuron 0
29 526 48 526 48 554 29 554 neuron 0
46 340 68 340 68 383 46 383 neuron 0
29 188 52 188 52 231 29 231 neuron 0
48 231 69 231 69 263 48 263 neuron 0
56 193 80 193 80 231 56 231 neuron 0
117 197 140 197 140 232 117 232 neuron 0
130 188 154 188 154 223 130 223 neuron 0
190 199 216 199 216 233 190 233 neuron 0
208 209 231 209 231 243 208 243 neuron 0
228 242 250 242 250 274 228 274 neuron 0
237 260 258 260 258 289 237 289 neuron 0
250 261 270 261 270 296 250 296 neuron 0
252 235 274 235 274 268 252 268 neuron 0
266 243 287 243 287 271 266 271 neuron 0
263 261 287 261 287 296 263 296 neuron 0
299 249 326 249 326 287 299 287 neuron 0
381 295 406 295 406 328 381 328 neuron 0
378 264 403 264 403 301 378 301 neuron 0
384 239 408 239 408 276 384 276 neuron 0
391 211 416 211 416 248 391 248 neuron 0
396 277 416 277 416 312 396 312 neuron 0
364 359 385 359 385 393 364 393 neuron 0
344 346 370 346 370 390 344 390 neuron 0
370 379 394 379 394 415 370 415 neuron 0
391 408 412 408 412 448 391 448 neuron 0
422 393 448 393 448 428 422 428 neuron 0
370 447 393 447 393 477 370 477 neuron 0
385 440 408 440 408 469 385 469 neuron 0
394 484 415 484 415 516 394 516 neuron 0
409 459 431 459 431 492 409 492 neuron 0
422 456 446 456 446 489 422 489 neuron 0
390 505 411 505 411 535 390 535 neuron 0
417 556 439 556 439 591 417 591 neuron 0
380 566 406 566 406 602 380 602 neuron 0
424 537 448 537 448 575 424 575 neuron 0
408 533 432 533 432 568 408 568 neuron 0
368 467 389 467 389 503 368 503 neuron 0
380 472 403 472 403 503 380 503 neuron 0
433 499 457 499 457 535 433 535 neuron 0
442 457 464 457 464 491 442 491 neuron 0
442 479 461 479 461 512 442 512 neuron 0
451 492 472 492 472 524 451 524 neuron 0
464 489 485 489 485 524 464 524 neuron 0
477 467 498 467 498 497 477 497 neuron 0
478 489 499 489 499 527 478 527 neuron 0
489 505 511 505 511 536 489 536 neuron 0
495 489 519 489 519 520 495 520 neuron 0
463 398 487 398 487 430 463 430 neuron 0
464 372 491 372 491 404 464 404 neuron 0
480 359 503 359 503 391 480 391 neuron 0
477 336 499 336 499 369 477 369 neuron 0
473 315 495 315 495 348 473 348 neuron 0
486 289 508 289 508 328 486 328 neuron 0
500 473 526 473 526 504 500 504 neuron 0
396 460 417 460 417 495 396 495 neuron 0
514 500 541 500 541 533 514 533 neuron 0
511 435 534 435 534 469 511 469 neuron 0
586 454 608 454 608 490 586 490 neuron 0
498 287 521 287 521 324 498 324 neuron 0
508 271 533 271 533 304 508 304 neuron 0
524 272 545 272 545 303 524 303 neuron 0
517 289 541 289 541 324 517 324 neuron 0
569 290 592 290 592 326 569 326 neuron 0
576 246 596 246 596 278 576 278 neuron 0
586 228 610 228 610 261 586 261 neuron 0
590 244 616 244 616 277 590 277 neuron 0
536 345 559 345 559 384 536 384 neuron 0
555 321 580 321 580 355 555 355 neuron 0
560 345 582 345 582 380 560 380 neuron 0
550 340 569 340 569 373 550 373 neuron 0
434 77 457 77 457 119 434 119 neuron 0
511 0 535 0 535 35 511 35 neuron 0
615 31 636 31 636 71 615 71 neuron 0
588 181 613 181 613 223 588 223 neuron 0
355 119 379 119 379 152 355 152 neuron 0
353 95 373 95 373 128 353 128 neuron 0
344 80 364 80 364 115 344 115 neuron 0
355 68 375 68 375 104 355 104 neuron 0
363 76 390 76 390 117 363 117 neuron 0
366 105 389 105 389 139 366 139 neuron 0
45 176 69 176 69 215 45 215 neuron 0
72 179 98 179 98 216 72 216 neuron 0
97 149 122 149 122 188 97 188 neuron 0
113 153 135 153 135 187 113 187 neuron 0
127 151 151 151 151 187 127 187 neuron 0
138 168 163 168 163 204 138 204 neuron 0
78 81 99 81 99 116 78 116 neuron 0
55 58 81 58 81 98 55 98 neuron 0
109 6 129 6 129 42 109 42 neuron 0
120 12 147 12 147 49 120 49 neuron 0
248 210 271 210 271 242 248 242 neuron 0