92 518 116 518 116 554 92 554 neuron 0
92 541 117 541 117 579 92 579 neuron 0
96 464 120 464 120 501 96 501 neuron 0
99 435 122 435 122 475 99 475 neuron 0
86 441 108 441 108 476 86 476 neuron 0
78 460 100 460 100 496 78 496 neuron 0
86 483 109 483 109 512 86 512 neuron 0
91 369 118 369 118 411 91 411 neuron 0
99 352 126 352 126 385 99 385 neuron 0
38 267 67 267 67 301 38 301 neuron 0
44 289 72 289 72 324 44 324 neuron 0
68 232 92 232 92 268 68 268 neuron 0
78 216 100 216 100 255 78 255 neuron 0
36 227 62 227 62 260 36 260 neuron 0
231 349 256 349 256 384 231 384 neuron 0
236 373 258 373 258 407 236 407 neuron 0
248 347 270 347 270 381 248 381 neuron 0
239 311 261 311 261 351 239 351 neuron 0
254 319 280 319 280 355 254 355 neuron 0
249 370 270 370 270 402 249 402 neuron 0
262 352 286 352 286 387 262 387 neuron 0
224 208 249 208 249 247 224 247 neuron 0
255 517 278 517 278 555 255 555 neuron 0
265 532 289 532 289 568 265 568 neuron 0
272 510 298 510 298 546 272 546 neuron 0
327 255 349 255 349 287 327 287 neuron 0
340 295 367 295 367 329 340 329 neuron 0
328 275 354 275 354 311 328 311 neuron 0
337 501 364 501 364 540 337 540 neuron 0
342 600 366 600 366 635 342 635 neuron 0
360 584 391 584 391 616 360 616 neuron 0
368 601 395 601 395 635 368 635 neuron 0
340 578 363 578 363 610 340 610 neuron 0
329 592 353 592 353 627 329 627 neuron 0
382 302 411 302 411 338 382 338 neuron 0
475 303 498 303 498 337 475 337 neuron 0
492 328 517 328 517 364 492 364 neuron 0
493 354 519 354 519 390 493 390 neuron 0
566 322 589 322 589 362 566 362 neuron 0
531 423 556 423 556 456 531 456 neuron 0
547 473 572 473 572 511 547 511 neuron 0
563 547 590 547 590 581 563 581 neuron 0
494 596 517 596 517 636 494 636 neuron 0
505 580 525 580 525 621 505 621 neuron 0
490 561 511 561 511 596 490 596 neuron 0
472 519 496 519 496 556 472 556 neuron 0
479 500 503 500 503 535 479 535 neuron 0
491 519 512 519 512 553 491 553 neuron 0
449 495 471 495 471 528 449 528 neuron 0
454 465 477 465 477 504 454 504 neuron 0
407 409 428 409 428 447 407 447 neuron 0
419 394 439 394 439 426 419 426 neuron 0
423 371 444 371 444 404 423 404 neuron 0
425 317 447 317 447 356 425 356 neuron 0
439 308 464 308 464 344 439 344 neuron 0
447 331 470 331 470 367 447 367 neuron 0
448 361 471 361 471 399 448 399 neuron 0
437 372 459 372 459 412 437 412 neuron 0
442 450 465 450 465 486 442 486 neuron 0
587 424 614 424 614 463 587 463 neuron 0
594 403 617 403 617 437 594 437 neuron 0
609 403 632 403 632 439 609 439 neuron 0
607 380 631 380 631 415 607 415 neuron 0
613 351 635 351 635 391 613 391 neuron 0
402 2 425 2 425 38 402 38 neuron 0
552 23 576 23 576 60 552 60 neuron 0
544 55 568 55 568 93 544 93 neuron 0
494 144 517 144 517 184 494 184 neuron 0
531 121 555 121 555 159 531 159 neuron 0
510 129 534 129 534 164 510 164 neuron 0
290 116 312 116 312 148 290 148 neuron 0
25 178 50 178 50 210 25 210 neuron 0
59 136 85 136 85 172 59 172 neuron 0
79 116 104 116 104 148 79 148 neuron 0
80 136 107 136 107 169 80 169 neuron 0
96 121 123 121 123 156 96 156 neuron 0
106 80 132 80 132 113 106 113 neuron 0
120 139 144 139 144 175 120 175 neuron 0
122 165 146 165 146 200 122 200 neuron 0
149 151 174 151 174 193 149 193 neuron 0