33 551 58 551 58 589 33 589 neuron 0
15 473 38 473 38 511 15 511 neuron 0
5 449 26 449 26 491 5 491 neuron 0
40 293 63 293 63 327 40 327 neuron 0
47 276 73 276 73 313 47 313 neuron 0
54 262 80 262 80 294 54 294 neuron 0
64 276 86 276 86 311 64 311 neuron 0
176 400 205 400 205 435 176 435 neuron 0
225 367 250 367 250 401 225 401 neuron 0
215 372 237 372 237 407 215 407 neuron 0
223 321 248 321 248 360 223 360 neuron 0
245 375 273 375 273 413 245 413 neuron 0
279 377 302 377 302 412 279 412 neuron 0
290 343 310 343 310 383 290 383 neuron 0
267 417 294 417 294 456 267 456 neuron 0
215 568 236 568 236 601 215 601 neuron 0
225 556 251 556 251 591 225 591 neuron 0
236 542 258 542 258 574 236 574 neuron 0
289 602 315 602 315 640 289 640 neuron 0
278 452 301 452 301 492 278 492 neuron 0
292 456 316 456 316 491 292 491 neuron 0
310 440 335 440 335 475 310 475 neuron 0
285 265 309 265 309 303 285 303 neuron 0
312 300 338 300 338 336 312 336 neuron 0
327 284 354 284 354 323 327 323 neuron 0
325 411 347 411 347 445 325 445 neuron 0
339 407 362 407 362 445 339 445 neuron 0
376 284 399 284 399 320 376 320 neuron 0
384 268 412 268 412 305 384 305 neuron 0
411 307 433 307 433 341 411 341 neuron 0
424 307 448 307 448 347 424 347 neuron 0
466 293 488 293 488 327 466 327 neuron 0
460 321 486 321 486 359 460 359 neuron 0
467 377 496 377 496 416 467 416 neuron 0
451 441 475 441 475 483 451 483 neuron 0
269 512 292 512 292 548 269 548 neuron 0
259 192 285 192 285 227 259 227 neuron 0
479 435 503 435 503 471 479 471 neuron 0
549 309 575 309 575 344 549 344 neuron 0
555 539 578 539 578 572 555 572 neuron 0
554 387 581 387 581 421 554 421 neuron 0
354 557 378 557 378 591 354 591 neuron 0
341 575 365 575 365 611 341 611 neuron 0
359 582 383 582 383 622 359 622 neuron 0
375 587 399 587 399 627 375 627 neuron 0
390 584 415 584 415 620 390 620 neuron 0
404 571 430 571 430 604 404 604 neuron 0
427 541 447 541 447 579 427 579 neuron 0
438 544 463 544 463 588 438 588 neuron 0
436 491 461 491 461 531 436 531 neuron 0
454 528 474 528 474 563 454 563 neuron 0
465 520 485 520 485 551 465 551 neuron 0
467 496 487 496 487 531 467 531 neuron 0
480 4 504 4 504 41 480 41 neuron 0
544 118 567 118 567 154 544 154 neuron 0
553 71 575 71 575 108 553 108 neuron 0
568 82 590 82 590 114 568 114 neuron 0
575 100 597 100 597 132 575 132 neuron 0
560 112 583 112 583 151 560 151 neuron 0
549 140 572 140 572 175 549 175 neuron 0
546 192 569 192 569 228 546 228 neuron 0
603 222 627 222 627 262 603 262 neuron 0
591 255 616 255 616 292 591 292 neuron 0
612 115 640 115 640 167 612 167 neuron 0
529 212 551 212 551 249 529 249 neuron 0
617 80 640 80 640 121 617 121 neuron 0
21 157 46 157 46 195 21 195 neuron 0
232 172 258 172 258 209 232 209 neuron 0
251 149 280 149 280 184 251 184 neuron 0
262 171 287 171 287 204 262 204 neuron 0
223 144 248 144 248 180 223 180 neuron 0
207 135 231 135 231 175 207 175 neuron 0
108 51 133 51 133 87 108 87 neuron 0
150 72 173 72 173 105 150 105 neuron 0
127 35 152 35 152 73 127 73 neuron 0
143 32 167 32 167 69 143 69 neuron 0
179 12 204 12 204 48 179 48 neuron 0
194 20 217 20 217 53 194 53 neuron 0
214 1 240 1 240 35 214 35 neuron 0
144 15 171 15 171 45 144 45 neuron 0
275 320 300 320 300 360 275 360 neuron 0
449 287 477 287 477 327 449 327 neuron 0
451 316 472 316 472 347 451 347 neuron 0