3 355 25 355 25 391 3 391 neuron 0
8 413 33 413 33 447 8 447 neuron 0
11 436 37 436 37 471 11 471 neuron 0
16 489 37 489 37 523 16 523 neuron 0
8 505 30 505 30 540 8 540 neuron 0
16 596 41 596 41 633 16 633 neuron 0
28 579 54 579 54 613 28 613 neuron 0
47 505 72 505 72 543 47 543 neuron 0
80 538 106 538 106 570 80 570 neuron 0
48 584 70 584 70 623 48 623 neuron 0
89 584 112 584 112 617 89 617 neuron 0
8 203 34 203 34 240 8 240 neuron 0
51 346 74 346 74 386 51 386 neuron 0
76 320 97 320 97 363 76 363 neuron 0
65 362 88 362 88 398 65 398 neuron 0
78 351 100 351 100 385 78 385 neuron 0
61 387 85 387 85 417 61 417 neuron 0
126 441 150 441 150 480 126 480 neuron 0
148 346 171 346 171 386 148 386 neuron 0
208 311 232 311 232 348 208 348 neuron 0
214 380 237 380 237 420 214 420 neuron 0
170 583 195 583 195 620 170 620 neuron 0
205 556 230 556 230 595 205 595 neuron 0
198 544 223 544 223 573 198 573 neuron 0
236 467 262 467 262 505 236 505 neuron 0
262 467 287 467 287 503 262 503 neuron 0
243 505 267 505 267 543 243 543 neuron 0
258 489 282 489 282 524 258 524 neuron 0
260 517 286 517 286 559 260 559 neuron 0
314 452 342 452 342 489 314 489 neuron 0
58 183 84 183 84 217 58 217 neuron 0
171 191 195 191 195 225 171 225 neuron 0
168 217 193 217 193 247 168 247 neuron 0
194 183 216 183 216 219 194 219 neuron 0
205 188 230 188 230 227 205 227 neuron 0
225 187 254 187 254 223 225 223 neuron 0
338 184 360 184 360 219 338 219 neuron 0
363 183 385 183 385 213 363 213 neuron 0
370 199 393 199 393 239 370 239 neuron 0
386 263 411 263 411 297 386 297 neuron 0
403 271 424 271 424 303 403 303 neuron 0
429 249 453 249 453 280 429 280 neuron 0
323 348 343 348 343 383 323 383 neuron 0
328 382 352 382 352 414 328 414 neuron 0
345 397 366 397 366 427 345 427 neuron 0
351 388 374 388 374 420 351 420 neuron 0
349 365 367 365 367 400 349 400 neuron 0
358 408 380 408 380 437 358 437 neuron 0
370 415 394 415 394 445 370 445 neuron 0
375 312 400 312 400 345 375 345 neuron 0
388 299 409 299 409 337 388 337 neuron 0
511 188 533 188 533 221 511 221 neuron 0
519 213 542 213 542 248 519 248 neuron 0
513 236 535 236 535 276 513 276 neuron 0
525 245 547 245 547 280 525 280 neuron 0
558 251 583 251 583 287 558 287 neuron 0
549 271 572 271 572 303 549 303 neuron 0
552 339 578 339 578 379 552 379 neuron 0
578 283 603 283 603 320 578 320 neuron 0
597 237 617 237 617 272 597 272 neuron 0
608 235 630 235 630 269 608 269 neuron 0
613 251 637 251 637 283 613 283 neuron 0
556 433 584 433 584 475 556 475 neuron 0
559 461 583 461 583 495 559 495 neuron 0
591 433 615 433 615 471 591 471 neuron 0
616 492 640 492 640 525 616 525 neuron 0
271 104 297 104 297 143 271 143 neuron 0
300 89 323 89 323 124 300 124 neuron 0
313 78 339 78 339 114 313 114 neuron 0
319 100 345 100 345 139 319 139 neuron 0
370 97 393 97 393 136 370 136 neuron 0
397 45 419 45 419 80 397 80 neuron 0
409 29 433 29 433 64 409 64 neuron 0
416 8 439 8 439 43 416 43 neuron 0
479 67 503 67 503 101 479 101 neuron 0
506 43 528 43 528 77 506 77 neuron 0
584 71 610 71 610 109 584 109 neuron 0
608 88 631 88 631 124 608 124 neuron 0
12 133 37 133 37 168 12 168 neuron 0
94 147 118 147 118 183 94 183 neuron 0
139 143 161 143 161 176 139 176 neuron 0
143 160 167 160 167 192 143 192 neuron 0
146 176 168 176 168 216 146 216 neuron 0
166 168 191 168 191 199 166 199 neuron 0
208 171 231 171 231 204 208 204 neuron 0
163 141 185 141 185 179 163 179 neuron 0
125 119 145 119 145 157 125 157 neuron 0
234 13 259 13 259 52 234 52 neuron 0
198 75 225 75 225 113 198 113 neuron 0
175 160 200 160 200 191 175 191 neuron 0