88 536 112 536 112 571 88 571 neuron 0
178 572 203 572 203 608 178 608 neuron 0
192 552 217 552 217 589 192 589 neuron 0
68 254 93 254 93 294 68 294 neuron 0
83 200 108 200 108 235 83 235 neuron 0
135 190 164 190 164 222 135 222 neuron 0
139 212 164 212 164 248 139 248 neuron 0
155 208 180 208 180 244 155 244 neuron 0
164 226 191 226 191 266 164 266 neuron 0
184 288 211 288 211 327 184 327 neuron 0
182 310 207 310 207 346 182 346 neuron 0
195 427 219 427 219 463 195 463 neuron 0
205 412 227 412 227 448 205 448 neuron 0
227 399 251 399 251 432 227 432 neuron 0
214 443 242 443 242 473 214 473 neuron 0
226 458 248 458 248 494 226 494 neuron 0
230 483 254 483 254 520 230 520 neuron 0
241 467 266 467 266 505 241 505 neuron 0
232 508 257 508 257 544 232 544 neuron 0
236 539 258 539 258 571 236 571 neuron 0
280 515 303 515 303 555 280 555 neuron 0
270 515 289 515 289 553 270 553 neuron 0
374 474 397 474 397 514 374 514 neuron 0
383 598 405 598 405 638 383 638 neuron 0
381 400 402 400 402 439 381 439 neuron 0
373 416 395 416 395 451 373 451 neuron 0
385 433 407 433 407 475 385 475 neuron 0
408 324 431 324 431 363 408 363 neuron 0
430 300 454 300 454 340 430 340 neuron 0
425 416 454 416 454 451 425 451 neuron 0
586 451 613 451 613 495 586 495 neuron 0
618 342 640 342 640 374 618 374 neuron 0
397 99 421 99 421 137 397 137 neuron 0
443 179 466 179 466 213 443 213 neuron 0
459 179 482 179 482 216 459 216 neuron 0
543 153 567 153 567 195 543 195 neuron 0
577 12 599 12 599 47 577 47 neuron 0
580 88 604 88 604 125 580 125 neuron 0
607 87 631 87 631 128 607 128 neuron 0
622 66 640 66 640 102 622 102 neuron 0
202 5 226 5 226 43 202 43 neuron 0