16 203 40 203 40 236 16 236 neuron 0
22 183 45 183 45 213 22 213 neuron 0
32 197 56 197 56 232 32 232 neuron 0
47 218 71 218 71 258 47 258 neuron 0
47 258 70 258 70 294 47 294 neuron 0
45 283 70 283 70 317 45 317 neuron 0
59 264 81 264 81 305 59 305 neuron 0
73 322 96 322 96 362 73 362 neuron 0
100 431 125 431 125 472 100 472 neuron 0
110 453 132 453 132 487 110 487 neuron 0
117 434 143 434 143 470 117 470 neuron 0
94 487 120 487 120 528 94 528 neuron 0
91 543 117 543 117 579 91 579 neuron 0
120 489 141 489 141 520 120 520 neuron 0
118 508 144 508 144 543 118 543 neuron 0
147 531 171 531 171 564 147 564 neuron 0
144 552 170 552 170 588 144 588 neuron 0
139 595 162 595 162 633 139 633 neuron 0
180 570 203 570 203 602 180 602 neuron 0
184 548 208 548 208 583 184 583 neuron 0
152 401 174 401 174 436 152 436 neuron 0
173 408 194 408 194 441 173 441 neuron 0
166 337 190 337 190 375 166 375 neuron 0
182 335 206 335 206 372 182 372 neuron 0
180 364 203 364 203 401 180 401 neuron 0
210 391 234 391 234 425 210 425 neuron 0
252 257 274 257 274 291 252 291 neuron 0
260 277 282 277 282 311 260 311 neuron 0
244 296 273 296 273 340 244 340 neuron 0
256 396 282 396 282 431 256 431 neuron 0
268 412 293 412 293 445 268 445 neuron 0
278 360 301 360 301 396 278 396 neuron 0
294 366 317 366 317 402 294 402 neuron 0
308 357 330 357 330 396 308 396 neuron 0
312 336 338 336 338 379 312 379 neuron 0
318 312 341 312 341 348 318 348 neuron 0
294 401 320 401 320 435 294 435 neuron 0
329 472 354 472 354 513 329 513 neuron 0
334 435 361 435 361 472 334 472 neuron 0
320 583 344 583 344 619 320 619 neuron 0
307 409 331 409 331 448 307 448 neuron 0
305 443 330 443 330 477 305 477 neuron 0
241 216 263 216 263 255 241 255 neuron 0
263 198 284 198 284 234 263 234 neuron 0
376 389 399 389 399 423 376 423 neuron 0
391 390 413 390 413 426 391 426 neuron 0
393 415 414 415 414 448 393 448 neuron 0
403 399 429 399 429 429 403 429 neuron 0
406 419 428 419 428 453 406 453 neuron 0
404 443 426 443 426 473 404 473 neuron 0
392 438 413 438 413 474 392 474 neuron 0
380 443 401 443 401 479 380 479 neuron 0
349 535 372 535 372 571 349 571 neuron 0
346 559 372 559 372 597 346 597 neuron 0
342 576 364 576 364 612 342 612 neuron 0
361 587 384 587 384 625 361 625 neuron 0
379 571 404 571 404 609 379 609 neuron 0
387 601 411 601 411 636 387 636 neuron 0
460 285 484 285 484 324 460 324 neuron 0
445 368 467 368 467 404 445 404 neuron 0
449 198 477 198 477 242 449 242 neuron 0
509 288 532 288 532 332 509 332 neuron 0
497 345 519 345 519 380 497 380 neuron 0
523 341 545 341 545 380 523 380 neuron 0
542 335 562 335 562 373 542 373 neuron 0
500 371 530 371 530 419 500 419 neuron 0
529 386 554 386 554 422 529 422 neuron 0
552 412 575 412 575 445 552 445 neuron 0
488 467 513 467 513 504 488 504 neuron 0
481 489 504 489 504 520 481 520 neuron 0
589 512 613 512 613 545 589 545 neuron 0
581 535 606 535 606 569 581 569 neuron 0
568 449 590 449 590 487 568 487 neuron 0
370 28 394 28 394 60 370 60 neuron 0
372 51 394 51 394 81 372 81 neuron 0
384 31 406 31 406 63 384 63 neuron 0
386 4 411 4 411 43 386 43 neuron 0
403 7 426 7 426 44 403 44 neuron 0
399 36 424 36 424 63 399 63 neuron 0
411 68 433 68 433 100 411 100 neuron 0
402 96 426 96 426 132 402 132 neuron 0
394 104 417 104 417 143 394 143 neuron 0
415 169 443 169 443 204 415 204 neuron 0
433 159 456 159 456 196 433 196 neuron 0
416 195 441 195 441 233 416 233 neuron 0
481 92 500 92 500 125 481 125 neuron 0
491 104 515 104 515 139 491 139 neuron 0
517 73 540 73 540 111 517 111 neuron 0
512 134 535 134 535 174 512 174 neuron 0
558 51 582 51 582 88 558 88 neuron 0
539 152 564 152 564 196 539 196 neuron 0
554 172 578 172 578 207 554 207 neuron 0
79 80 103 80 103 120 79 120 neuron 0
89 62 108 62 108 94 89 94 neuron 0
94 83 118 83 118 120 94 120 neuron 0
128 136 153 136 153 176 128 176 neuron 0
197 136 222 136 222 172 197 172 neuron 0
196 159 220 159 220 199 196 199 neuron 0
247 187 272 187 272 223 247 223 neuron 0
294 123 316 123 316 165 294 165 neuron 0
18 152 40 152 40 189 18 189 neuron 0