3 584 28 584 28 621 3 621 neuron 0
11 575 34 575 34 607 11 607 neuron 0
145 385 170 385 170 419 145 419 neuron 0
180 423 203 423 203 455 180 455 neuron 0
190 439 214 439 214 475 190 475 neuron 0
204 431 229 431 229 467 204 467 neuron 0
189 465 212 465 212 503 189 503 neuron 0
201 453 224 453 224 492 201 492 neuron 0
191 545 212 545 212 583 191 583 neuron 0
204 543 229 543 229 579 204 579 neuron 0
320 296 346 296 346 331 320 331 neuron 0
334 315 357 315 357 351 334 351 neuron 0
349 313 370 313 370 343 349 343 neuron 0
349 332 373 332 373 369 349 369 neuron 0
359 322 382 322 382 358 359 358 neuron 0
350 358 374 358 374 402 350 402 neuron 0
367 365 388 365 388 403 367 403 neuron 0
341 483 364 483 364 517 341 517 neuron 0
356 453 378 453 378 487 356 487 neuron 0
368 445 391 445 391 483 368 483 neuron 0
463 432 490 432 490 468 463 468 neuron 0
60 275 82 275 82 311 60 311 neuron 0
54 245 78 245 78 283 54 283 neuron 0
47 210 70 210 70 246 47 246 neuron 0
66 212 88 212 88 249 66 249 neuron 0
73 195 95 195 95 229 73 229 neuron 0
86 187 109 187 109 219 86 219 neuron 0
80 213 100 213 100 247 80 247 neuron 0
67 237 90 237 90 272 67 272 neuron 0
70 259 89 259 89 293 70 293 neuron 0
305 135 331 135 331 169 305 169 neuron 0
366 261 393 261 393 296 366 296 neuron 0
371 245 392 245 392 272 371 272 neuron 0
382 235 405 235 405 263 382 263 neuron 0
382 254 405 254 405 290 382 290 neuron 0
395 241 417 241 417 275 395 275 neuron 0
408 243 433 243 433 275 408 275 neuron 0
419 178 444 178 444 214 419 214 neuron 0
421 203 445 203 445 236 421 236 neuron 0
418 227 442 227 442 260 418 260 neuron 0
433 215 456 215 456 251 433 251 neuron 0
440 166 467 166 467 206 440 206 neuron 0
449 199 476 199 476 232 449 232 neuron 0
501 80 529 80 529 115 501 115 neuron 0
583 176 609 176 609 217 583 217 neuron 0
541 377 563 377 563 411 541 411 neuron 0
553 341 575 341 575 379 553 379 neuron 0
568 324 591 324 591 364 568 364 neuron 0
613 341 638 341 638 379 613 379 neuron 0
608 368 632 368 632 404 608 404 neuron 0
546 424 569 424 569 467 546 467 neuron 0
597 396 621 396 621 429 597 429 neuron 0
593 419 618 419 618 452 593 452 neuron 0
571 440 598 440 598 471 571 471 neuron 0
259 59 285 59 285 96 259 96 neuron 0
116 5 139 5 139 44 116 44 neuron 0
351 1 375 1 375 36 351 36 neuron 0
369 5 394 5 394 44 369 44 neuron 0
39 179 62 179 62 217 39 217 neuron 0
162 413 184 413 184 456 162 456 neuron 0
146 448 175 448 175 484 146 484 neuron 0