54 408 83 408 83 445 54 445 neuron 0
14 234 40 234 40 270 14 270 neuron 0
28 243 50 243 50 279 28 279 neuron 0
14 259 37 259 37 293 14 293 neuron 0
29 267 51 267 51 296 29 296 neuron 0
72 254 94 254 94 286 72 286 neuron 0
120 309 142 309 142 347 120 347 neuron 0
133 299 157 299 157 333 133 333 neuron 0
135 328 162 328 162 365 135 365 neuron 0
161 362 184 362 184 398 161 398 neuron 0
160 384 189 384 189 427 160 427 neuron 0
157 315 181 315 181 352 157 352 neuron 0
180 340 202 340 202 376 180 376 neuron 0
180 376 205 376 205 417 180 417 neuron 0
196 404 219 404 219 440 196 440 neuron 0
212 435 239 435 239 475 212 475 neuron 0
211 458 236 458 236 494 211 494 neuron 0
258 496 284 496 284 531 258 531 neuron 0
259 520 284 520 284 555 259 555 neuron 0
326 508 351 508 351 541 326 541 neuron 0
365 575 389 575 389 605 365 605 neuron 0
362 551 387 551 387 584 362 584 neuron 0
199 320 227 320 227 360 199 360 neuron 0
170 197 194 197 194 236 170 236 neuron 0
218 229 241 229 241 267 218 267 neuron 0
221 256 248 256 248 285 221 285 neuron 0
232 315 256 315 256 349 232 349 neuron 0
224 291 250 291 250 324 224 324 neuron 0
236 278 258 278 258 306 236 306 neuron 0
244 301 266 301 266 335 244 335 neuron 0
247 280 269 280 269 309 247 309 neuron 0
255 294 280 294 280 326 255 326 neuron 0
260 267 284 267 284 303 260 303 neuron 0
259 244 282 244 282 279 259 279 neuron 0
274 283 296 283 296 321 274 321 neuron 0
283 267 307 267 307 301 283 301 neuron 0
265 192 290 192 290 228 265 228 neuron 0
272 217 293 217 293 251 272 251 neuron 0
284 204 312 204 312 243 284 243 neuron 0
296 247 326 247 326 283 296 283 neuron 0
302 273 329 273 329 308 302 308 neuron 0
306 221 326 221 326 259 306 259 neuron 0
318 215 338 215 338 248 318 248 neuron 0
318 239 336 239 336 271 318 271 neuron 0
328 243 348 243 348 276 328 276 neuron 0
330 219 351 219 351 251 330 251 neuron 0
340 256 362 256 362 285 340 285 neuron 0
342 224 364 224 364 256 342 256 neuron 0
342 200 365 200 365 232 342 232 neuron 0
334 288 360 288 360 321 334 321 neuron 0
359 256 381 256 381 288 359 288 neuron 0
371 251 392 251 392 283 371 283 neuron 0
363 304 387 304 387 341 363 341 neuron 0
384 303 408 303 408 337 384 337 neuron 0
410 304 435 304 435 335 410 335 neuron 0
428 306 454 306 454 338 428 338 neuron 0
442 448 468 448 468 487 442 487 neuron 0
521 599 544 599 544 639 521 639 neuron 0
513 575 536 575 536 613 513 613 neuron 0
502 531 524 531 524 571 502 571 neuron 0
508 553 531 553 531 584 508 584 neuron 0
522 551 542 551 542 589 522 589 neuron 0
561 583 595 583 595 617 561 617 neuron 0
482 509 508 509 508 551 482 551 neuron 0
576 345 597 345 597 380 576 380 neuron 0
590 351 612 351 612 384 590 384 neuron 0
575 388 597 388 597 420 575 420 neuron 0
580 408 605 408 605 440 580 440 neuron 0
608 372 632 372 632 404 608 404 neuron 0
594 384 618 384 618 419 594 419 neuron 0
608 393 630 393 630 428 608 428 neuron 0
623 392 640 392 640 428 623 428 neuron 0
614 435 639 435 639 467 614 467 neuron 0
362 173 385 173 385 212 362 212 neuron 0
377 167 402 167 402 204 377 204 neuron 0
264 165 291 165 291 204 264 204 neuron 0
297 72 321 72 321 119 297 119 neuron 0
346 1 372 1 372 40 346 40 neuron 0
362 15 385 15 385 47 362 47 neuron 0
389 7 411 7 411 47 389 47 neuron 0
362 135 387 135 387 172 362 172 neuron 0
371 83 391 83 391 116 371 116 neuron 0
382 87 406 87 406 124 382 124 neuron 0
399 120 421 120 421 151 399 151 neuron 0
402 97 427 97 427 131 402 131 neuron 0
413 117 433 117 433 151 413 151 neuron 0
405 137 427 137 427 168 405 168 neuron 0
421 101 446 101 446 136 421 136 neuron 0
435 72 460 72 460 104 435 104 neuron 0
442 37 465 37 465 71 442 71 neuron 0
450 75 473 75 473 108 450 108 neuron 0
489 103 514 103 514 136 489 136 neuron 0
500 87 531 87 531 123 500 123 neuron 0
521 82 546 82 546 114 521 114 neuron 0
519 101 544 101 544 135 519 135 neuron 0
586 75 608 75 608 109 586 109 neuron 0
405 72 430 72 430 109 405 109 neuron 0
573 128 595 128 595 160 573 160 neuron 0
571 155 595 155 595 191 571 191 neuron 0
584 147 605 147 605 180 584 180 neuron 0
594 159 615 159 615 192 594 192 neuron 0
603 176 626 176 626 216 603 216 neuron 0
617 187 640 187 640 221 617 221 neuron 0
15 168 35 168 35 204 15 204 neuron 0
15 115 39 115 39 152 15 152 neuron 0
189 152 214 152 214 189 189 189 neuron 0
178 131 200 131 200 165 178 165 neuron 0
249 49 269 49 269 88 249 88 neuron 0
249 148 270 148 270 185 249 185 neuron 0
391 71 416 71 416 111 391 111 neuron 0