12 481 40 481 40 516 12 516 neuron 0
14 507 39 507 39 540 14 540 neuron 0
6 345 29 345 29 387 6 387 neuron 0
19 348 45 348 45 383 19 383 neuron 0
27 330 52 330 52 362 27 362 neuron 0
24 188 47 188 47 227 24 227 neuron 0
92 200 117 200 117 237 92 237 neuron 0
135 267 158 267 158 301 135 301 neuron 0
185 380 209 380 209 423 185 423 neuron 0
39 441 63 441 63 483 39 483 neuron 0
55 481 74 481 74 516 55 516 neuron 0
66 491 92 491 92 524 66 524 neuron 0
64 470 90 470 90 502 64 502 neuron 0
68 448 90 448 90 479 68 479 neuron 0
75 434 97 434 97 466 75 466 neuron 0
87 420 109 420 109 457 87 457 neuron 0
84 452 105 452 105 487 84 487 neuron 0
82 475 105 475 105 511 82 511 neuron 0
141 508 165 508 165 543 141 543 neuron 0
157 471 184 471 184 503 157 503 neuron 0
109 563 134 563 134 600 109 600 neuron 0
139 569 167 569 167 608 139 608 neuron 0
183 592 211 592 211 632 183 632 neuron 0
290 398 314 398 314 434 290 434 neuron 0
251 511 276 511 276 545 251 545 neuron 0
255 538 277 538 277 570 255 570 neuron 0
263 552 286 552 286 585 263 585 neuron 0
264 523 287 523 287 557 264 557 neuron 0
269 495 294 495 294 532 269 532 neuron 0
277 547 297 547 297 581 277 581 neuron 0
288 547 308 547 308 581 288 581 neuron 0
300 552 324 552 324 591 300 591 neuron 0
314 544 336 544 336 577 314 577 neuron 0
307 511 332 511 332 545 307 545 neuron 0
340 568 368 568 368 612 340 612 neuron 0
438 496 462 496 462 532 438 532 neuron 0
517 593 541 593 541 631 517 631 neuron 0
469 452 496 452 496 492 469 492 neuron 0
504 420 527 420 527 453 504 453 neuron 0
506 402 530 402 530 434 506 434 neuron 0
515 488 542 488 542 521 515 521 neuron 0
462 225 485 225 485 263 462 263 neuron 0
531 267 557 267 557 307 531 307 neuron 0
549 380 573 380 573 417 549 417 neuron 0
585 544 612 544 612 577 585 577 neuron 0
574 504 599 504 599 535 574 535 neuron 0
569 484 594 484 594 520 569 520 neuron 0
585 473 611 473 611 512 585 512 neuron 0
313 80 337 80 337 120 313 120 neuron 0
382 12 407 12 407 49 382 49 neuron 0
460 49 485 49 485 87 460 87 neuron 0
420 112 445 112 445 151 420 151 neuron 0
488 135 510 135 510 168 488 168 neuron 0
559 22 582 22 582 58 559 58 neuron 0
582 31 604 31 604 69 582 69 neuron 0
574 51 595 51 595 84 574 84 neuron 0
562 45 582 45 582 83 562 83 neuron 0
557 71 579 71 579 107 557 107 neuron 0
571 72 593 72 593 99 571 99 neuron 0
573 85 597 85 597 120 573 120 neuron 0
561 108 582 108 582 144 561 144 neuron 0
555 131 577 131 577 168 555 168 neuron 0
565 179 590 179 590 216 565 216 neuron 0
571 135 593 135 593 169 571 169 neuron 0
575 155 598 155 598 189 575 189 neuron 0
587 175 607 175 607 205 587 205 neuron 0
615 214 637 214 637 246 615 246 neuron 0
44 165 71 165 71 204 44 204 neuron 0
104 143 129 143 129 180 104 180 neuron 0
75 5 99 5 99 44 75 44 neuron 0