34 562 60 562 60 602 34 602 neuron 0
18 487 42 487 42 521 18 521 neuron 0
6 423 32 423 32 461 6 461 neuron 0
8 460 30 460 30 496 8 496 neuron 0
45 307 68 307 68 339 45 339 neuron 0
53 287 76 287 76 324 53 324 neuron 0
61 272 86 272 86 304 61 304 neuron 0
70 290 92 290 92 322 70 322 neuron 0
179 420 207 420 207 456 179 456 neuron 0
218 389 241 389 241 424 218 424 neuron 0
230 344 254 344 254 383 230 383 neuron 0
248 399 274 399 274 436 248 436 neuron 0
232 389 255 389 255 424 232 424 neuron 0
214 584 239 584 239 623 214 623 neuron 0
226 575 253 575 253 612 226 612 neuron 0
236 563 260 563 260 597 236 597 neuron 0
270 536 294 536 294 571 270 571 neuron 0
279 479 304 479 304 517 279 517 neuron 0
293 483 317 483 317 516 293 516 neuron 0
242 193 264 193 264 231 242 231 neuron 0
268 195 292 195 292 233 268 233 neuron 0
268 217 291 217 291 251 268 251 neuron 0
291 289 316 289 316 331 291 331 neuron 0
280 346 303 346 303 382 280 382 neuron 0
293 368 315 368 315 407 293 407 neuron 0
283 403 307 403 307 437 283 437 neuron 0
270 443 295 443 295 477 270 477 neuron 0
314 467 338 467 338 503 314 503 neuron 0
327 438 350 438 350 470 327 470 neuron 0
341 435 366 435 366 475 341 475 neuron 0
315 324 343 324 343 360 315 360 neuron 0
332 311 358 311 358 348 332 348 neuron 0
341 606 364 606 364 638 341 638 neuron 0
355 587 378 587 378 617 355 617 neuron 0
404 603 430 603 430 637 404 637 neuron 0
437 581 461 581 461 619 437 619 neuron 0
426 573 448 573 448 608 426 608 neuron 0
453 563 475 563 475 592 453 592 neuron 0
466 528 489 528 489 561 466 561 neuron 0
465 552 485 552 485 584 465 584 neuron 0
452 475 477 475 477 513 452 513 neuron 0
482 467 506 467 506 501 482 501 neuron 0
390 297 417 297 417 336 390 336 neuron 0
379 313 404 313 404 351 379 351 neuron 0
415 338 438 338 438 374 415 374 neuron 0
429 341 454 341 454 379 429 379 neuron 0
471 412 499 412 499 449 471 449 neuron 0
493 412 515 412 515 444 493 444 neuron 0
455 343 478 343 478 381 455 381 neuron 0
465 356 489 356 489 392 465 392 neuron 0
455 319 481 319 481 355 455 355 neuron 0
472 328 493 328 493 361 472 361 neuron 0
554 348 580 348 580 383 554 383 neuron 0
558 423 586 423 586 457 558 457 neuron 0
557 579 580 579 580 609 557 609 neuron 0
439 526 465 526 465 566 439 566 neuron 0
536 247 558 247 558 284 536 284 neuron 0
553 229 575 229 575 267 553 267 neuron 0
598 295 622 295 622 332 598 332 neuron 0
609 261 633 261 633 299 609 299 neuron 0
492 41 515 41 515 75 492 75 neuron 0
595 1 619 1 619 39 595 39 neuron 0
559 108 585 108 585 143 559 143 neuron 0
554 155 577 155 577 191 554 191 neuron 0
557 180 579 180 579 213 557 213 neuron 0
567 151 590 151 590 187 567 187 neuron 0
581 138 606 138 606 170 581 170 neuron 0
575 119 601 119 601 151 575 151 neuron 0
30 169 54 169 54 207 30 207 neuron 0
118 68 143 68 143 104 118 104 neuron 0
159 89 182 89 182 124 159 124 neuron 0
153 48 176 48 176 85 153 85 neuron 0
153 32 179 32 179 63 153 63 neuron 0
190 33 214 33 214 67 190 67 neuron 0
205 41 228 41 228 75 205 75 neuron 0
225 21 250 21 250 55 225 55 neuron 0
218 156 240 156 240 197 218 197 neuron 0
231 167 257 167 257 201 231 201 neuron 0
260 172 286 172 286 205 260 205 neuron 0
203 15 228 15 228 48 203 48 neuron 0