4 458 28 458 28 494 4 494 neuron 0
14 440 37 440 37 476 14 476 neuron 0
5 419 28 419 28 456 5 456 neuron 0
43 301 67 301 67 335 43 335 neuron 0
68 285 90 285 90 320 68 320 neuron 0
58 272 82 272 82 300 58 300 neuron 0
49 286 76 286 76 326 49 326 neuron 0
17 481 40 481 40 519 17 519 neuron 0
31 559 56 559 56 597 31 597 neuron 0
175 417 205 417 205 456 175 456 neuron 0
214 391 238 391 238 428 214 428 neuron 0
226 388 253 388 253 428 226 428 neuron 0
228 344 252 344 252 381 228 381 neuron 0
241 193 264 193 264 231 241 231 neuron 0
266 195 290 195 290 228 266 228 neuron 0
265 219 292 219 292 252 265 252 neuron 0
267 290 291 290 291 326 267 326 neuron 0
290 293 312 293 312 331 290 331 neuron 0
278 347 298 347 298 381 278 381 neuron 0
290 368 312 368 312 407 290 407 neuron 0
246 400 271 400 271 435 246 435 neuron 0
280 403 302 403 302 437 280 437 neuron 0
267 443 292 443 292 479 267 479 neuron 0
222 578 247 578 247 610 222 610 neuron 0
211 587 235 587 235 621 211 621 neuron 0
233 563 256 563 256 597 233 597 neuron 0
267 537 287 537 287 572 267 572 neuron 0
276 477 300 477 300 520 276 520 neuron 0
291 483 313 483 313 519 291 519 neuron 0
310 468 334 468 334 505 310 505 neuron 0
324 438 348 438 348 474 324 474 neuron 0
341 439 362 439 362 476 341 476 neuron 0
336 604 359 604 359 640 336 640 neuron 0
350 587 372 587 372 620 350 620 neuron 0
400 605 425 605 425 639 400 639 neuron 0
432 583 456 583 456 623 432 623 neuron 0
447 568 472 568 472 597 447 597 neuron 0
464 533 484 533 484 568 464 568 neuron 0
450 478 472 478 472 522 450 522 neuron 0
477 471 501 471 501 509 477 509 neuron 0
314 325 342 325 342 360 314 360 neuron 0
379 317 402 317 402 352 379 352 neuron 0
389 301 414 301 414 336 389 336 neuron 0
413 337 436 337 436 376 413 376 neuron 0
428 345 450 345 450 379 428 379 neuron 0
456 381 478 381 478 416 456 416 neuron 0
463 361 487 361 487 395 463 395 neuron 0
451 349 472 349 472 384 451 384 neuron 0
470 331 491 331 491 365 470 365 neuron 0
469 416 497 416 497 456 469 456 neuron 0
550 354 576 354 576 390 550 390 neuron 0
554 431 583 431 583 464 554 464 neuron 0
552 586 578 586 578 618 552 618 neuron 0
491 44 515 44 515 80 491 80 neuron 0
560 113 585 113 585 152 560 152 neuron 0
577 126 598 126 598 158 577 158 neuron 0
582 146 605 146 605 178 582 178 neuron 0
568 158 589 158 589 194 568 194 neuron 0
552 160 576 160 576 199 552 199 neuron 0
556 185 578 185 578 219 556 219 neuron 0
551 236 574 236 574 272 551 272 neuron 0
595 300 618 300 618 337 595 337 neuron 0
607 269 630 269 630 308 607 308 neuron 0
532 254 558 254 558 290 532 290 neuron 0
28 167 51 167 51 204 28 204 neuron 0
215 159 238 159 238 193 215 193 neuron 0
229 168 253 168 253 201 229 201 neuron 0
159 88 182 88 182 127 159 127 neuron 0
118 67 141 67 141 103 118 103 neuron 0
137 48 163 48 163 83 137 83 neuron 0
154 48 177 48 177 84 154 84 neuron 0
154 31 179 31 179 61 154 61 neuron 0
170 48 197 48 197 81 170 81 neuron 0
191 29 214 29 214 67 191 67 neuron 0
202 43 226 43 226 73 202 73 neuron 0
225 20 250 20 250 55 225 55 neuron 0
203 13 227 13 227 47 203 47 neuron 0
330 313 356 313 356 352 330 352 neuron 0
219 2 242 2 242 38 219 38 neuron 0
235 4 260 4 260 35 235 35 neuron 0
260 175 286 175 286 208 260 208 neuron 0
422 576 444 576 444 611 422 611 neuron 0
435 533 460 533 460 568 435 568 neuron 0