89 504 113 504 113 541 89 541 neuron 0
93 449 119 449 119 492 93 492 neuron 0
111 451 134 451 134 492 111 492 neuron 0
124 452 141 452 141 488 124 488 neuron 0
109 416 135 416 135 453 109 453 neuron 0
102 393 127 393 127 431 102 431 neuron 0
120 396 146 396 146 432 120 432 neuron 0
146 492 170 492 170 532 146 532 neuron 0
145 519 167 519 167 553 145 553 neuron 0
133 559 159 559 159 599 133 599 neuron 0
133 587 159 587 159 627 133 627 neuron 0
176 539 201 539 201 575 176 575 neuron 0
181 516 207 516 207 552 181 552 neuron 0
154 367 180 367 180 401 154 401 neuron 0
174 373 198 373 198 411 174 411 neuron 0
185 333 209 333 209 372 185 372 neuron 0
171 307 195 307 195 345 171 345 neuron 0
186 304 212 304 212 340 186 340 neuron 0
80 280 103 280 103 321 80 321 neuron 0
53 212 78 212 78 252 53 252 neuron 0
54 239 79 239 79 273 54 273 neuron 0
69 224 91 224 91 265 69 265 neuron 0
213 361 239 361 239 400 213 400 neuron 0
261 373 286 373 286 407 261 407 neuron 0
273 391 297 391 297 427 273 427 neuron 0
254 274 278 274 278 310 254 310 neuron 0
261 236 283 236 283 271 261 271 neuron 0
269 254 291 254 291 290 269 290 neuron 0
282 335 307 335 307 372 282 372 neuron 0
310 340 332 340 332 376 310 376 neuron 0
317 319 342 319 342 359 317 359 neuron 0
331 455 357 455 357 497 331 497 neuron 0
315 566 341 566 341 602 315 602 neuron 0
300 382 324 382 324 418 300 418 neuron 0
289 363 317 363 317 400 289 400 neuron 0
299 346 321 346 321 382 299 382 neuron 0
313 392 337 392 337 431 313 431 neuron 0
311 424 335 424 335 461 311 461 neuron 0
338 415 365 415 365 456 338 456 neuron 0
345 517 369 517 369 556 345 556 neuron 0
345 543 368 543 368 583 345 583 neuron 0
339 562 363 562 363 598 339 598 neuron 0
357 569 383 569 383 608 357 608 neuron 0
376 560 403 560 403 596 376 596 neuron 0
383 591 409 591 409 621 383 621 neuron 0
381 376 402 376 402 411 381 411 neuron 0
393 380 418 380 418 416 393 416 neuron 0
396 404 417 404 417 439 396 439 neuron 0
409 388 430 388 430 423 409 423 neuron 0
395 428 417 428 417 461 395 461 neuron 0
383 429 404 429 404 467 383 467 neuron 0
409 429 428 429 428 460 409 460 neuron 0
449 363 471 363 471 397 449 397 neuron 0
465 279 490 279 490 321 465 321 neuron 0
499 345 524 345 524 383 499 383 neuron 0
489 468 514 468 514 503 489 503 neuron 0
478 487 503 487 503 519 478 519 neuron 0
514 291 539 291 539 329 514 329 neuron 0
527 344 550 344 550 383 527 383 neuron 0
548 340 571 340 571 377 548 377 neuron 0
530 388 557 388 557 424 530 424 neuron 0
555 417 579 417 579 452 555 452 neuron 0
569 460 593 460 593 496 569 496 neuron 0
575 476 603 476 603 508 575 508 neuron 0
587 522 611 522 611 558 587 558 neuron 0
429 188 451 188 451 224 429 224 neuron 0
463 193 488 193 488 236 463 236 neuron 0
564 176 587 176 587 213 564 213 neuron 0
322 295 346 295 346 329 322 329 neuron 0
262 162 284 162 284 198 262 198 neuron 0
274 175 294 175 294 212 274 212 neuron 0
249 192 273 192 273 231 249 231 neuron 0
308 100 331 100 331 145 308 145 neuron 0
429 163 455 163 455 199 429 199 neuron 0
445 152 468 152 468 191 445 191 neuron 0
418 84 441 84 441 121 418 121 neuron 0
409 95 431 95 431 133 409 133 neuron 0
497 93 517 93 517 127 497 127 neuron 0
507 105 529 105 529 143 507 143 neuron 0
525 136 546 136 546 180 525 180 neuron 0
552 164 576 164 576 201 552 201 neuron 0
532 78 554 78 554 114 532 114 neuron 0
575 61 599 61 599 99 575 99 neuron 0
617 6 640 6 640 42 617 42 neuron 0
387 19 412 19 412 52 387 52 neuron 0
400 26 422 26 422 58 400 58 neuron 0
422 2 444 2 444 34 422 34 neuron 0
417 44 439 44 439 79 417 79 neuron 0
416 25 439 25 439 55 416 55 neuron 0
425 59 449 59 449 91 425 91 neuron 0
93 37 117 37 117 76 93 76 neuron 0
107 42 133 42 133 82 107 82 neuron 0
33 133 57 133 57 172 33 172 neuron 0
30 104 53 104 53 144 30 144 neuron 0
57 171 81 171 81 212 57 212 neuron 0
142 103 167 103 167 144 142 144 neuron 0
206 132 232 132 232 171 206 171 neuron 0
209 108 233 108 233 147 209 147 neuron 0