13 589 36 589 36 627 13 627 neuron 0
13 565 34 565 34 600 13 600 neuron 0
25 553 47 553 47 588 25 588 neuron 0
33 534 56 534 56 574 33 574 neuron 0
37 566 55 566 55 598 37 598 neuron 0
50 602 75 602 75 640 50 640 neuron 0
50 528 78 528 78 561 50 561 neuron 0
63 543 87 543 87 576 63 576 neuron 0
65 500 92 500 92 536 65 536 neuron 0
65 473 90 473 90 508 65 508 neuron 0
73 448 98 448 98 483 73 483 neuron 0
118 389 141 389 141 428 118 428 neuron 0
145 347 171 347 171 387 145 387 neuron 0
98 280 126 280 126 317 98 317 neuron 0
41 440 65 440 65 480 41 480 neuron 0
153 518 180 518 180 554 153 554 neuron 0
172 513 195 513 195 552 172 552 neuron 0
154 592 177 592 177 625 154 625 neuron 0
197 606 222 606 222 640 197 640 neuron 0
192 201 214 201 214 239 192 239 neuron 0
194 229 219 229 219 260 194 260 neuron 0
207 208 230 208 230 240 207 240 neuron 0
280 239 307 239 307 273 280 273 neuron 0
303 300 327 300 327 340 303 340 neuron 0
319 295 341 295 341 336 319 336 neuron 0
345 437 369 437 369 472 345 472 neuron 0
306 491 331 491 331 529 306 529 neuron 0
291 519 315 519 315 556 291 556 neuron 0
307 517 333 517 333 552 307 552 neuron 0
331 524 354 524 354 560 331 560 neuron 0
334 548 355 548 355 584 334 584 neuron 0
459 354 480 354 480 390 459 390 neuron 0
469 342 491 342 491 378 469 378 neuron 0
374 468 401 468 401 509 374 509 neuron 0
386 488 412 488 412 525 386 525 neuron 0
413 507 439 507 439 548 413 548 neuron 0
398 540 421 540 421 573 398 573 neuron 0
348 195 375 195 375 232 348 232 neuron 0
346 219 374 219 374 253 346 253 neuron 0
569 380 594 380 594 417 569 417 neuron 0
576 609 600 609 600 640 576 640 neuron 0
334 168 362 168 362 207 334 207 neuron 0
468 147 489 147 489 181 468 181 neuron 0
481 149 503 149 503 184 481 184 neuron 0
516 243 538 243 538 273 516 273 neuron 0
528 231 556 231 556 261 528 261 neuron 0
502 267 527 267 527 303 502 303 neuron 0
397 27 418 27 418 61 397 61 neuron 0
402 47 422 47 422 81 402 81 neuron 0
413 47 436 47 436 83 413 83 neuron 0
290 152 314 152 314 189 290 189 neuron 0
287 179 310 179 310 211 287 211 neuron 0
193 163 215 163 215 199 193 199 neuron 0
186 141 210 141 210 176 186 176 neuron 0
201 109 228 109 228 147 201 147 neuron 0
180 86 203 86 203 126 180 126 neuron 0
191 72 218 72 218 103 191 103 neuron 0
227 55 252 55 252 97 227 97 neuron 0