110 279 136 279 136 315 110 315 neuron 0
159 341 182 341 182 380 159 380 neuron 0
133 386 158 386 158 422 133 422 neuron 0
86 425 111 425 111 460 86 460 neuron 0
90 451 114 451 114 485 90 485 neuron 0
59 443 82 443 82 480 59 480 neuron 0
82 473 105 473 105 508 82 508 neuron 0
36 594 58 594 58 630 36 630 neuron 0
33 568 55 568 55 604 33 604 neuron 0
43 560 66 560 66 592 43 592 neuron 0
51 540 75 540 75 573 51 573 neuron 0
56 564 78 564 78 599 56 599 neuron 0
70 605 96 605 96 640 70 640 neuron 0
81 544 106 544 106 575 81 575 neuron 0
65 472 89 472 89 509 65 509 neuron 0
172 508 196 508 196 543 172 543 neuron 0
189 504 212 504 212 543 189 543 neuron 0
176 587 200 587 200 619 176 619 neuron 0
218 595 244 595 244 631 218 631 neuron 0
85 501 110 501 110 536 85 536 neuron 0
312 499 335 499 335 536 312 536 neuron 0
324 472 349 472 349 508 324 508 neuron 0
326 496 351 496 351 533 326 533 neuron 0
360 415 384 415 384 451 360 451 neuron 0
352 501 374 501 374 535 352 535 neuron 0
352 525 373 525 373 560 352 560 neuron 0
372 599 396 599 396 635 372 635 neuron 0
418 512 440 512 440 545 418 545 neuron 0
434 481 458 481 458 520 434 520 neuron 0
392 446 419 446 419 482 392 482 neuron 0
404 461 431 461 431 499 404 499 neuron 0
66 520 95 520 95 563 66 563 neuron 0
203 216 230 216 230 251 203 251 neuron 0
215 196 239 196 239 229 215 229 neuron 0
287 220 316 220 316 256 287 256 neuron 0
313 280 338 280 338 317 313 317 neuron 0
329 278 352 278 352 318 329 318 neuron 0
471 323 494 323 494 360 471 360 neuron 0
479 309 503 309 503 343 479 343 neuron 0
583 340 606 340 606 375 583 375 neuron 0
598 568 621 568 621 605 598 605 neuron 0
512 238 536 238 536 274 512 274 neuron 0
524 203 550 203 550 243 524 243 neuron 0
358 171 383 171 383 208 358 208 neuron 0
343 152 369 152 369 185 343 185 neuron 0
356 195 381 195 381 231 356 231 neuron 0
538 192 565 192 565 228 538 228 neuron 0
516 170 538 170 538 206 516 206 neuron 0
488 116 512 116 512 152 488 152 neuron 0
475 118 496 118 496 150 475 150 neuron 0
422 19 444 19 444 53 422 53 neuron 0
411 20 431 20 431 53 411 53 neuron 0
294 159 320 159 320 192 294 192 neuron 0
279 164 302 164 302 195 279 195 neuron 0
230 140 252 140 252 171 230 171 neuron 0
200 187 225 187 225 228 200 228 neuron 0
207 96 232 96 232 136 207 136 neuron 0
197 63 220 63 220 96 197 96 neuron 0
198 108 218 108 218 144 198 144 neuron 0
192 131 216 131 216 167 192 167 neuron 0
201 155 221 155 221 191 201 191 neuron 0
231 43 256 43 256 84 231 84 neuron 0
293 133 321 133 321 171 293 171 neuron 0
69 428 92 428 92 463 69 463 neuron 0
183 77 207 77 207 116 183 116 neuron 0
217 39 239 39 239 76 217 76 neuron 0