58 335 84 335 84 377 58 377 neuron 0
28 500 48 500 48 537 28 537 neuron 0
39 467 64 467 64 503 39 503 neuron 0
48 495 71 495 71 535 48 535 neuron 0
48 523 70 523 70 551 48 551 neuron 0
78 246 100 246 100 282 78 282 neuron 0
66 219 92 219 92 256 66 256 neuron 0
107 240 128 240 128 284 107 284 neuron 0
94 203 116 203 116 241 94 241 neuron 0
107 205 130 205 130 244 107 244 neuron 0
134 193 161 193 161 228 134 228 neuron 0
150 186 175 186 175 218 150 218 neuron 0
209 200 234 200 234 236 209 236 neuron 0
227 212 252 212 252 245 227 245 neuron 0
252 263 276 263 276 296 252 296 neuron 0
245 249 269 249 269 279 245 279 neuron 0
268 245 290 245 290 276 268 276 neuron 0
267 273 288 273 288 304 267 304 neuron 0
280 272 302 272 302 303 280 303 neuron 0
283 251 304 251 304 281 283 281 neuron 0
296 187 321 187 321 225 296 225 neuron 0
321 260 348 260 348 296 321 296 neuron 0
410 227 434 227 434 264 410 264 neuron 0
402 253 427 253 427 292 402 292 neuron 0
396 281 420 281 420 312 396 312 neuron 0
401 308 423 308 423 341 401 341 neuron 0
412 292 436 292 436 327 412 327 neuron 0
386 394 408 394 408 430 386 430 neuron 0
405 425 425 425 425 463 405 463 neuron 0
438 408 463 408 463 445 438 445 neuron 0
489 332 512 332 512 367 489 367 neuron 0
492 357 514 357 514 391 492 391 neuron 0
501 314 524 314 524 350 501 350 neuron 0
498 378 521 378 521 414 498 414 neuron 0
377 378 402 378 402 410 377 410 neuron 0
387 580 413 580 413 615 387 615 neuron 0
427 575 450 575 450 609 427 609 neuron 0
439 556 458 556 458 593 439 593 neuron 0
420 551 441 551 441 585 420 585 neuron 0
403 519 425 519 425 549 403 549 neuron 0
379 481 402 481 402 519 379 519 neuron 0
422 474 446 474 446 506 422 506 neuron 0
436 472 459 472 459 505 436 505 neuron 0
432 514 454 514 454 546 432 546 neuron 0
446 515 469 515 469 553 446 553 neuron 0
461 508 484 508 484 545 461 545 neuron 0
456 476 478 476 478 505 456 505 neuron 0
477 508 498 508 498 545 477 545 neuron 0
438 495 461 495 461 525 438 525 neuron 0
456 495 478 495 478 524 456 524 neuron 0
406 500 430 500 430 535 406 535 neuron 0
492 507 514 507 514 544 492 544 neuron 0
492 486 515 486 515 518 492 518 neuron 0
499 525 525 525 525 555 499 555 neuron 0
508 509 533 509 533 544 508 544 neuron 0
516 493 539 493 539 527 516 527 neuron 0
525 521 549 521 549 556 525 556 neuron 0
526 458 549 458 549 494 526 494 neuron 0
479 417 503 417 503 451 479 451 neuron 0
480 392 506 392 506 425 480 425 neuron 0
598 479 621 479 621 519 598 519 neuron 0
574 371 599 371 599 405 574 405 neuron 0
570 347 596 347 596 381 570 381 neuron 0
562 366 583 366 583 402 562 402 neuron 0
549 371 571 371 571 408 549 408 neuron 0
515 308 537 308 537 343 515 343 neuron 0
524 295 549 295 549 328 524 328 neuron 0
533 314 557 314 557 350 533 350 neuron 0
539 294 560 294 560 326 539 326 neuron 0
586 318 607 318 607 354 586 354 neuron 0
589 271 611 271 611 305 589 305 neuron 0
603 253 624 253 624 288 603 288 neuron 0
605 275 629 275 629 307 605 307 neuron 0
394 8 419 8 419 45 394 45 neuron 0
454 99 477 99 477 136 454 136 neuron 0
535 17 560 17 560 59 535 59 neuron 0
606 209 632 209 632 248 606 248 neuron 0
378 135 399 135 399 167 378 167 neuron 0
373 107 396 107 396 144 373 144 neuron 0
365 95 387 95 387 131 365 131 neuron 0
377 86 398 86 398 118 377 118 neuron 0
388 92 413 92 413 132 388 132 neuron 0
390 121 410 121 410 155 390 155 neuron 0
75 184 100 184 100 223 75 223 neuron 0
66 168 88 168 88 200 66 200 neuron 0
46 175 76 175 76 219 46 219 neuron 0
82 45 105 45 105 87 82 87 neuron 0
101 72 125 72 125 109 101 109 neuron 0
134 5 155 5 155 40 134 40 neuron 0
148 10 172 10 172 50 148 50 neuron 0
195 79 215 79 215 112 195 112 neuron 0
95 172 120 172 120 211 95 211 neuron 0
121 147 143 147 143 183 121 183 neuron 0
135 147 157 147 157 181 135 181 neuron 0
148 149 172 149 172 183 148 183 neuron 0
159 166 184 166 184 202 159 202 neuron 0
358 357 387 357 387 408 358 408 neuron 0