74 544 99 544 99 579 74 579 neuron 0
77 575 107 575 107 621 77 621 neuron 0
110 541 133 541 133 576 110 576 neuron 0
147 533 174 533 174 568 147 568 neuron 0
147 556 173 556 173 595 147 595 neuron 0
141 583 166 583 166 609 141 609 neuron 0
160 548 182 548 182 587 160 587 neuron 0
220 551 251 551 251 589 220 589 neuron 0
265 555 289 555 289 588 265 588 neuron 0
26 208 50 208 50 247 26 247 neuron 0
31 299 57 299 57 333 31 333 neuron 0
48 299 75 299 75 333 48 333 neuron 0
76 335 101 335 101 373 76 373 neuron 0
76 389 99 389 99 432 76 432 neuron 0
66 413 88 413 88 448 66 448 neuron 0
100 375 123 375 123 409 100 409 neuron 0
123 369 157 369 157 423 123 423 neuron 0
188 377 214 377 214 411 188 411 neuron 0
242 337 268 337 268 375 242 375 neuron 0
243 427 272 427 272 467 243 467 neuron 0
179 220 204 220 204 260 179 260 neuron 0
184 256 208 256 208 295 184 295 neuron 0
194 236 216 236 216 275 194 275 neuron 0
208 243 233 243 233 280 208 280 neuron 0
208 269 232 269 232 304 208 304 neuron 0
305 546 332 546 332 586 305 586 neuron 0
362 447 385 447 385 485 362 485 neuron 0
475 368 501 368 501 404 475 404 neuron 0
478 395 501 395 501 431 478 431 neuron 0
491 386 518 386 518 418 491 418 neuron 0
517 365 543 365 543 399 517 399 neuron 0
395 233 422 233 422 268 395 268 neuron 0
388 215 414 215 414 251 388 251 neuron 0
441 220 465 220 465 259 441 259 neuron 0
456 231 478 231 478 267 456 267 neuron 0
496 191 521 191 521 228 496 228 neuron 0
607 243 629 243 629 279 607 279 neuron 0
608 276 633 276 633 317 608 317 neuron 0
616 400 640 400 640 436 616 436 neuron 0
365 188 396 188 396 225 365 225 neuron 0
341 165 370 165 370 204 341 204 neuron 0
258 199 290 199 290 235 258 235 neuron 0
436 431 465 431 465 465 436 465 neuron 0
218 45 245 45 245 87 218 87 neuron 0
119 128 144 128 144 172 119 172 neuron 0
323 36 348 36 348 73 323 73 neuron 0
395 42 419 42 419 78 395 78 neuron 0
325 93 352 93 352 135 325 135 neuron 0
322 146 344 146 344 178 322 178 neuron 0
327 127 350 127 350 163 327 163 neuron 0
365 107 387 107 387 144 365 144 neuron 0
488 119 511 119 511 153 488 153 neuron 0
564 144 587 144 587 180 564 180 neuron 0
604 64 627 64 627 100 604 100 neuron 0
592 137 614 137 614 172 592 172 neuron 0
601 148 623 148 623 189 601 189 neuron 0
588 16 610 16 610 52 588 52 neuron 0
575 20 597 20 597 52 575 52 neuron 0
602 12 625 12 625 45 602 45 neuron 0
15 156 41 156 41 191 15 191 neuron 0
95 161 120 161 120 199 95 199 neuron 0
44 60 69 60 69 99 44 99 neuron 0
33 41 58 41 58 83 33 83 neuron 0
75 28 95 28 95 67 75 67 neuron 0