52 400 78 400 78 435 52 435 neuron 0
14 225 42 225 42 260 14 260 neuron 0
16 252 38 252 38 281 16 281 neuron 0
27 235 51 235 51 269 27 269 neuron 0
30 257 52 257 52 287 30 287 neuron 0
119 305 142 305 142 340 119 340 neuron 0
131 292 157 292 157 328 131 328 neuron 0
133 324 155 324 155 357 133 357 neuron 0
158 359 182 359 182 391 158 391 neuron 0
159 380 189 380 189 420 159 420 neuron 0
151 292 173 292 173 324 151 324 neuron 0
166 327 188 327 188 361 166 361 neuron 0
178 339 200 339 200 372 178 372 neuron 0
180 372 205 372 205 415 180 415 neuron 0
195 400 219 400 219 439 195 439 neuron 0
210 434 238 434 238 474 210 474 neuron 0
209 456 232 456 232 489 209 489 neuron 0
256 497 280 497 280 532 256 532 neuron 0
255 520 280 520 280 559 255 559 neuron 0
324 511 349 511 349 544 324 544 neuron 0
359 556 382 556 382 588 359 588 neuron 0
360 577 384 577 384 612 360 612 neuron 0
170 192 194 192 194 232 170 232 neuron 0
201 319 225 319 225 356 201 356 neuron 0
217 228 240 228 240 264 217 264 neuron 0
222 252 247 252 247 284 222 284 neuron 0
264 191 290 191 290 228 264 228 neuron 0
288 204 312 204 312 241 288 241 neuron 0
258 244 283 244 283 277 258 277 neuron 0
260 268 282 268 282 301 260 301 neuron 0
257 294 280 294 280 326 257 326 neuron 0
232 313 256 313 256 351 232 351 neuron 0
238 274 259 274 259 306 238 306 neuron 0
225 288 247 288 247 321 225 321 neuron 0
272 284 295 284 295 323 272 323 neuron 0
284 268 307 268 307 300 284 300 neuron 0
304 223 324 223 324 257 304 257 neuron 0
318 215 338 215 338 247 318 247 neuron 0
329 220 351 220 351 252 329 252 neuron 0
329 246 350 246 350 274 329 274 neuron 0
341 260 362 260 362 287 341 287 neuron 0
345 223 364 223 364 257 345 257 neuron 0
342 200 362 200 362 233 342 233 neuron 0
298 247 324 247 324 280 298 280 neuron 0
334 289 357 289 357 327 334 327 neuron 0
361 256 380 256 380 289 361 289 neuron 0
370 249 392 249 392 288 370 288 neuron 0
363 310 387 310 387 346 363 346 neuron 0
386 305 408 305 408 343 386 343 neuron 0
410 305 435 305 435 339 410 339 neuron 0
429 311 453 311 453 341 429 341 neuron 0
438 456 463 456 463 492 438 492 neuron 0
477 518 504 518 504 558 477 558 neuron 0
244 300 265 300 265 335 244 335 neuron 0
500 541 522 541 522 579 500 579 neuron 0
507 563 528 563 528 595 507 595 neuron 0
519 562 540 562 540 598 519 598 neuron 0
510 586 533 586 533 622 510 622 neuron 0
517 606 540 606 540 640 517 640 neuron 0
560 589 591 589 591 623 560 623 neuron 0
576 359 596 359 596 393 576 393 neuron 0
589 363 610 363 610 397 589 397 neuron 0
572 396 595 396 595 432 572 432 neuron 0
579 420 603 420 603 452 579 452 neuron 0
607 410 629 410 629 442 607 442 neuron 0
605 383 631 383 631 416 605 416 neuron 0
613 449 637 449 637 483 613 483 neuron 0
620 404 640 404 640 441 620 441 neuron 0
622 436 640 436 640 475 622 475 neuron 0
251 52 272 52 272 88 251 88 neuron 0
250 148 273 148 273 187 250 187 neuron 0
267 165 292 165 292 203 267 203 neuron 0
300 73 326 73 326 116 300 116 neuron 0
354 0 377 0 377 37 354 37 neuron 0
366 20 388 20 388 53 366 53 neuron 0
390 12 414 12 414 55 390 55 neuron 0
366 140 388 140 388 175 366 175 neuron 0
374 87 393 87 393 120 374 120 neuron 0
385 88 409 88 409 123 385 123 neuron 0
398 73 419 73 419 111 398 111 neuron 0
406 103 429 103 429 137 406 137 neuron 0
403 122 424 122 424 158 403 158 neuron 0
378 172 405 172 405 208 378 208 neuron 0
363 177 387 177 387 216 363 216 neuron 0
424 107 449 107 449 141 424 141 neuron 0
415 119 437 119 437 155 415 155 neuron 0
438 78 463 78 463 110 438 110 neuron 0
448 43 470 43 470 76 448 76 neuron 0
454 82 476 82 476 118 454 118 neuron 0
494 111 518 111 518 145 494 145 neuron 0
522 109 547 109 547 144 522 144 neuron 0
522 91 549 91 549 121 522 121 neuron 0
591 83 613 83 613 120 591 120 neuron 0
574 139 600 139 600 172 574 172 neuron 0
576 176 600 176 600 204 576 204 neuron 0
567 155 584 155 584 188 567 188 neuron 0
587 156 610 156 610 191 587 191 neuron 0
578 163 598 163 598 189 578 189 neuron 0
596 172 617 172 617 204 596 204 neuron 0
604 188 628 188 628 225 604 225 neuron 0
619 200 640 200 640 235 619 235 neuron 0
15 160 37 160 37 196 15 196 neuron 0
18 107 40 107 40 143 18 143 neuron 0
51 100 77 100 77 144 51 144 neuron 0
178 128 202 128 202 165 178 165 neuron 0
192 147 215 147 215 187 192 187 neuron 0