10 209 36 209 36 247 10 247 neuron 0
80 242 105 242 105 278 80 278 neuron 0
97 188 121 188 121 221 97 221 neuron 0
151 183 177 183 177 216 151 216 neuron 0
154 205 177 205 177 240 154 240 neuron 0
168 204 193 204 193 239 168 239 neuron 0
177 221 204 221 204 259 177 259 neuron 0
198 284 222 284 222 321 198 321 neuron 0
192 303 216 303 216 340 192 340 neuron 0
90 523 117 523 117 559 90 559 neuron 0
178 568 205 568 205 607 178 607 neuron 0
197 549 221 549 221 587 197 587 neuron 0
201 426 227 426 227 462 201 462 neuron 0
211 410 235 410 235 446 211 446 neuron 0
224 404 248 404 248 440 224 440 neuron 0
221 437 248 437 248 471 221 471 neuron 0
231 458 257 458 257 494 231 494 neuron 0
234 484 259 484 259 519 234 519 neuron 0
387 413 409 413 409 451 387 451 neuron 0
379 428 400 428 400 463 379 463 neuron 0
391 443 415 443 415 484 391 484 neuron 0
379 483 403 483 403 525 379 525 neuron 0
435 431 462 431 462 465 435 465 neuron 0
417 336 441 336 441 379 417 379 neuron 0
439 316 465 316 465 353 439 353 neuron 0
590 483 617 483 617 525 590 525 neuron 0
414 114 437 114 437 154 414 154 neuron 0
458 200 480 200 480 235 458 235 neuron 0
472 200 496 200 496 236 472 236 neuron 0
558 180 581 180 581 223 558 223 neuron 0
595 44 620 44 620 80 595 80 neuron 0
597 119 621 119 621 156 597 156 neuron 0
357 1 380 1 380 40 357 40 neuron 0
383 612 405 612 405 640 383 640 neuron 0
220 1 247 1 247 40 220 40 neuron 0
236 398 257 398 257 434 236 434 neuron 0