103 522 129 522 129 562 103 562 neuron 0
102 550 126 550 126 586 102 586 neuron 0
95 377 120 377 120 415 95 415 neuron 0
103 356 130 356 130 393 103 393 neuron 0
48 301 75 301 75 335 48 335 neuron 0
39 279 66 279 66 320 39 320 neuron 0
104 436 128 436 128 477 104 477 neuron 0
93 446 115 446 115 486 93 486 neuron 0
84 466 108 466 108 506 84 506 neuron 0
105 466 127 466 127 506 105 506 neuron 0
262 514 286 514 286 550 262 550 neuron 0
278 503 303 503 303 536 278 536 neuron 0
275 524 297 524 297 560 275 560 neuron 0
234 346 257 346 257 382 234 382 neuron 0
240 306 262 306 262 346 240 346 neuron 0
256 312 281 312 281 348 256 348 neuron 0
247 344 272 344 272 377 247 377 neuron 0
238 371 260 371 260 404 238 404 neuron 0
252 367 272 367 272 399 252 399 neuron 0
264 347 288 347 288 383 264 383 neuron 0
34 237 62 237 62 271 34 271 neuron 0
64 240 89 240 89 276 64 276 neuron 0
75 227 98 227 98 263 75 263 neuron 0
224 194 248 194 248 230 224 230 neuron 0
338 278 366 278 366 314 338 314 neuron 0
345 485 373 485 373 524 345 524 neuron 0
338 573 363 573 363 612 338 612 neuron 0
351 563 372 563 372 593 351 593 neuron 0
349 587 374 587 374 621 349 621 neuron 0
369 567 397 567 397 603 369 603 neuron 0
379 580 406 580 406 616 379 616 neuron 0
380 282 407 282 407 318 380 318 neuron 0
439 283 465 283 465 324 439 324 neuron 0
425 295 448 295 448 329 425 329 neuron 0
449 304 471 304 471 340 449 340 neuron 0
452 340 475 340 475 373 452 373 neuron 0
443 351 462 351 462 388 443 388 neuron 0
427 350 449 350 449 386 427 386 neuron 0
422 372 443 372 443 404 422 404 neuron 0
432 382 454 382 454 410 432 410 neuron 0
446 428 469 428 469 461 446 461 neuron 0
459 444 481 444 481 480 459 480 neuron 0
456 468 477 468 477 500 456 500 neuron 0
475 277 499 277 499 312 475 312 neuron 0
491 303 515 303 515 337 491 337 neuron 0
496 327 519 327 519 359 496 359 neuron 0
563 288 587 288 587 328 563 328 neuron 0
535 392 560 392 560 424 535 424 neuron 0
552 442 577 442 577 474 552 474 neuron 0
570 511 596 511 596 545 570 545 neuron 0
471 455 495 455 495 495 471 495 neuron 0
486 473 510 473 510 508 486 508 neuron 0
480 492 503 492 503 524 480 524 neuron 0
497 489 519 489 519 524 497 524 neuron 0
503 568 526 568 526 607 503 607 neuron 0
513 552 535 552 535 591 513 591 neuron 0
591 388 617 388 617 425 591 425 neuron 0
596 364 620 364 620 399 596 399 neuron 0
612 361 635 361 635 396 612 396 neuron 0
607 339 631 339 631 375 607 375 neuron 0
612 311 635 311 635 348 612 348 neuron 0
535 20 561 20 561 61 535 61 neuron 0
489 119 510 119 510 157 489 157 neuron 0
503 93 529 93 529 131 503 131 neuron 0
527 91 548 91 548 128 527 128 neuron 0
54 146 80 146 80 182 54 182 neuron 0
73 124 98 124 98 159 73 159 neuron 0
75 145 101 145 101 176 75 176 neuron 0
89 127 117 127 117 163 89 163 neuron 0
114 141 142 141 142 180 114 180 neuron 0
119 169 142 169 142 204 119 204 neuron 0
145 154 171 154 171 194 145 194 neuron 0
286 110 307 110 307 142 286 142 neuron 0
19 211 42 211 42 244 19 244 neuron 0
24 190 45 190 45 226 24 226 neuron 0
33 208 56 208 56 244 33 244 neuron 0
48 212 69 212 69 247 48 247 neuron 0
99 86 123 86 123 122 99 122 neuron 0
49 195 69 195 69 223 49 223 neuron 0