56 377 80 377 80 416 56 416 neuron 0
62 567 86 567 86 601 62 601 neuron 0
50 561 73 561 73 599 50 599 neuron 0
90 443 114 443 114 476 90 476 neuron 0
110 411 134 411 134 451 110 451 neuron 0
113 444 136 444 136 483 113 483 neuron 0
106 466 129 466 129 502 106 502 neuron 0
97 477 114 477 114 512 97 512 neuron 0
112 503 135 503 135 539 112 539 neuron 0
36 273 64 273 64 311 36 311 neuron 0
73 283 96 283 96 316 73 316 neuron 0
79 265 102 265 102 304 79 304 neuron 0
95 277 120 277 120 312 95 312 neuron 0
141 356 166 356 166 392 141 392 neuron 0
141 464 165 464 165 496 141 496 neuron 0
182 366 206 366 206 402 182 402 neuron 0
186 407 212 407 212 441 186 441 neuron 0
180 424 204 424 204 459 180 459 neuron 0
209 367 234 367 234 400 209 400 neuron 0
208 345 232 345 232 379 208 379 neuron 0
297 474 320 474 320 510 297 510 neuron 0
300 499 322 499 322 535 300 535 neuron 0
315 499 337 499 337 535 315 535 neuron 0
318 525 344 525 344 559 318 559 neuron 0
262 589 289 589 289 623 262 623 neuron 0
251 605 279 605 279 640 251 640 neuron 0
292 414 316 414 316 450 292 450 neuron 0
130 222 154 222 154 262 130 262 neuron 0
146 229 172 229 172 264 146 264 neuron 0
161 216 184 216 184 257 161 257 neuron 0
174 227 198 227 198 264 174 264 neuron 0
248 232 273 232 273 267 248 267 neuron 0
337 390 364 390 364 430 337 430 neuron 0
417 416 441 416 441 451 417 451 neuron 0
374 319 401 319 401 355 374 355 neuron 0
399 284 421 284 421 323 399 323 neuron 0
422 269 446 269 446 307 422 307 neuron 0
432 233 456 233 456 264 432 264 neuron 0
433 256 455 256 455 293 433 293 neuron 0
445 256 467 256 467 299 445 299 neuron 0
497 240 522 240 522 276 497 276 neuron 0
546 252 568 252 568 295 546 295 neuron 0
508 365 530 365 530 396 508 396 neuron 0
462 481 486 481 486 515 462 515 neuron 0
494 546 521 546 521 586 494 586 neuron 0
490 529 517 529 517 563 490 563 neuron 0
517 499 541 499 541 536 517 536 neuron 0
502 505 527 505 527 547 502 547 neuron 0
548 398 575 398 575 434 548 434 neuron 0
542 416 566 416 566 449 542 449 neuron 0
562 424 587 424 587 459 562 459 neuron 0
363 183 390 183 390 219 363 219 neuron 0
378 177 404 177 404 212 378 212 neuron 0
480 204 506 204 506 239 480 239 neuron 0
465 199 489 199 489 236 465 236 neuron 0
447 174 468 174 468 206 447 206 neuron 0
448 196 470 196 470 228 448 228 neuron 0
447 127 470 127 470 163 447 163 neuron 0
527 141 550 141 550 175 527 175 neuron 0
584 103 609 103 609 136 584 136 neuron 0
617 52 640 52 640 87 617 87 neuron 0
226 15 250 15 250 51 226 51 neuron 0
294 171 322 171 322 208 294 208 neuron 0
77 175 100 175 100 215 77 215 neuron 0
89 194 110 194 110 226 89 226 neuron 0
74 117 100 117 100 152 74 152 neuron 0
77 87 103 87 103 127 77 127 neuron 0
78 63 99 63 99 99 78 99 neuron 0
89 56 110 56 110 93 89 93 neuron 0
101 48 124 48 124 88 101 88 neuron 0
103 15 128 15 128 56 103 56 neuron 0
139 425 164 425 164 467 139 467 neuron 0
469 138 493 138 493 182 469 182 neuron 0