29 196 54 196 54 236 29 236 neuron 0
52 332 74 332 74 365 52 365 neuron 0
57 315 84 315 84 353 57 353 neuron 0
64 296 90 296 90 328 64 328 neuron 0
76 313 98 313 98 347 76 347 neuron 0
14 451 39 451 39 487 14 487 neuron 0
48 589 72 589 72 627 48 627 neuron 0
190 433 215 433 215 467 190 467 neuron 0
229 601 250 601 250 635 229 635 neuron 0
240 588 264 588 264 621 240 621 neuron 0
250 575 273 575 273 605 250 605 neuron 0
227 403 246 403 246 437 227 437 neuron 0
239 399 264 399 264 440 239 440 neuron 0
236 352 261 352 261 393 236 393 neuron 0
258 405 284 405 284 447 258 447 neuron 0
279 450 305 450 305 486 279 486 neuron 0
290 407 316 407 316 445 290 445 neuron 0
263 331 288 331 288 368 263 368 neuron 0
297 296 321 296 321 335 297 335 neuron 0
290 484 314 484 314 525 290 525 neuron 0
306 487 328 487 328 520 306 520 neuron 0
283 543 306 543 306 579 283 579 neuron 0
326 469 349 469 349 508 326 508 neuron 0
337 440 360 440 360 472 337 472 neuron 0
350 438 376 438 376 474 350 474 neuron 0
366 587 391 587 391 620 366 620 neuron 0
356 605 379 605 379 640 356 640 neuron 0
419 599 445 599 445 633 419 633 neuron 0
452 572 476 572 476 611 452 611 neuron 0
466 556 488 556 488 588 466 588 neuron 0
478 520 499 520 499 553 478 553 neuron 0
463 464 487 464 487 509 463 509 neuron 0
490 461 515 461 515 496 490 496 neuron 0
322 329 348 329 348 364 322 364 neuron 0
338 315 363 315 363 351 338 351 neuron 0
386 312 410 312 410 347 386 347 neuron 0
396 296 421 296 421 332 396 332 neuron 0
422 333 443 333 443 368 422 368 neuron 0
434 336 459 336 459 371 434 371 neuron 0
480 404 506 404 506 441 480 441 neuron 0
472 348 498 348 498 383 472 383 neuron 0
476 320 498 320 498 351 476 351 neuron 0
500 403 524 403 524 435 500 435 neuron 0
569 563 596 563 596 596 569 596 neuron 0
568 407 595 407 595 443 568 443 neuron 0
561 335 586 335 586 367 561 367 neuron 0
490 29 512 29 512 67 490 67 neuron 0
538 236 560 236 560 273 538 273 neuron 0
554 219 578 219 578 252 554 252 neuron 0
601 279 624 279 624 313 601 313 neuron 0
612 243 638 243 638 284 612 284 neuron 0
554 138 575 138 575 178 554 178 neuron 0
568 135 590 135 590 173 568 173 neuron 0
561 92 584 92 584 131 561 131 neuron 0
576 103 598 103 598 136 576 136 neuron 0
582 120 606 120 606 155 582 155 neuron 0
117 87 139 87 139 125 117 125 neuron 0
159 106 180 106 180 142 159 142 neuron 0
152 67 174 67 174 103 152 103 neuron 0
151 51 176 51 176 80 151 80 neuron 0
136 69 160 69 160 111 136 111 neuron 0
185 47 212 47 212 81 185 81 neuron 0
201 57 224 57 224 88 201 88 neuron 0
213 13 236 13 236 44 213 44 neuron 0
222 36 245 36 245 67 222 67 neuron 0
220 170 241 170 241 210 220 210 neuron 0
236 179 256 179 256 213 236 213 neuron 0
242 204 266 204 266 240 242 240 neuron 0
258 180 288 180 288 215 258 215 neuron 0
272 204 294 204 294 241 272 241 neuron 0
270 227 294 227 294 261 270 261 neuron 0
26 516 52 516 52 549 26 549 neuron 0
459 312 483 312 483 356 459 356 neuron 0
230 11 255 11 255 47 230 47 neuron 0