141 385 165 385 165 424 141 424 neuron 0
158 419 180 419 180 456 158 456 neuron 0
153 448 173 448 173 485 153 485 neuron 0
174 427 197 427 197 461 174 461 neuron 0
184 444 207 444 207 479 184 479 neuron 0
181 471 202 471 202 508 181 508 neuron 0
197 439 223 439 223 473 197 473 neuron 0
192 461 215 461 215 495 192 495 neuron 0
192 549 217 549 217 587 192 587 neuron 0
181 547 200 547 200 587 181 587 neuron 0
50 200 75 200 75 236 50 236 neuron 0
44 220 69 220 69 255 44 255 neuron 0
58 239 79 239 79 280 58 280 neuron 0
69 205 91 205 91 244 69 244 neuron 0
78 187 98 187 98 223 78 223 neuron 0
90 181 111 181 111 216 90 216 neuron 0
83 208 102 208 102 241 83 241 neuron 0
70 232 90 232 90 264 70 264 neuron 0
71 253 90 253 90 288 71 288 neuron 0
60 269 83 269 83 303 60 303 neuron 0
319 315 347 315 347 352 319 352 neuron 0
332 338 351 338 351 378 332 378 neuron 0
344 351 369 351 369 389 344 389 neuron 0
358 343 380 343 380 381 358 381 neuron 0
344 380 370 380 370 428 344 428 neuron 0
361 389 382 389 382 427 361 427 neuron 0
331 501 354 501 354 536 331 536 neuron 0
347 472 371 472 371 509 347 509 neuron 0
362 468 383 468 383 501 362 501 neuron 0
455 463 481 463 481 499 455 499 neuron 0
367 284 392 284 392 320 367 320 neuron 0
369 269 393 269 393 296 369 296 neuron 0
385 262 407 262 407 290 385 290 neuron 0
383 279 406 279 406 316 383 316 neuron 0
396 267 418 267 418 301 396 301 neuron 0
409 272 435 272 435 304 409 304 neuron 0
420 255 444 255 444 288 420 288 neuron 0
423 232 447 232 447 264 423 264 neuron 0
434 244 459 244 459 281 434 281 neuron 0
424 207 449 207 449 243 424 243 neuron 0
447 197 471 197 471 235 447 235 neuron 0
455 231 479 231 479 267 455 267 neuron 0
589 225 613 225 613 260 589 260 neuron 0
541 460 570 460 570 500 541 500 neuron 0
537 415 561 415 561 451 537 451 neuron 0
549 383 573 383 573 415 549 415 neuron 0
593 436 619 436 619 471 593 471 neuron 0
610 386 637 386 637 426 610 426 neuron 0
269 75 293 75 293 108 269 108 neuron 0
311 151 336 151 336 187 311 187 neuron 0
362 20 386 20 386 60 362 60 neuron 0
380 28 403 28 403 65 380 65 neuron 0
511 115 533 115 533 152 511 152 neuron 0
42 172 65 172 65 209 42 209 neuron 0
125 5 150 5 150 44 125 44 neuron 0
567 368 591 368 591 409 567 409 neuron 0