22 599 46 599 46 633 22 633 neuron 0
9 613 36 613 36 640 9 640 neuron 0
44 587 69 587 69 621 44 621 neuron 0
57 568 82 568 82 604 57 604 neuron 0
10 451 34 451 34 488 10 488 neuron 0
16 479 38 479 38 513 16 513 neuron 0
38 492 61 492 61 528 38 528 neuron 0
46 477 68 477 68 512 46 512 neuron 0
40 423 65 423 65 460 40 460 neuron 0
35 403 61 403 61 437 35 437 neuron 0
76 496 101 496 101 536 76 536 neuron 0
116 577 142 577 142 615 116 615 neuron 0
108 528 135 528 135 565 108 565 neuron 0
198 577 222 577 222 616 198 616 neuron 0
155 435 181 435 181 469 155 469 neuron 0
235 556 258 556 258 593 235 593 neuron 0
228 537 252 537 252 571 228 571 neuron 0
272 506 295 506 295 542 272 542 neuron 0
286 490 310 490 310 526 286 526 neuron 0
294 469 316 469 316 504 294 504 neuron 0
266 467 289 467 289 504 266 504 neuron 0
289 520 314 520 314 561 289 561 neuron 0
342 456 368 456 368 496 342 496 neuron 0
242 375 269 375 269 419 242 419 neuron 0
239 307 264 307 264 353 239 353 neuron 0
178 340 203 340 203 381 178 381 neuron 0
82 392 103 392 103 429 82 429 neuron 0
73 397 93 397 93 440 73 440 neuron 0
32 346 55 346 55 382 32 382 neuron 0
44 185 70 185 70 227 44 227 neuron 0
94 395 117 395 117 429 94 429 neuron 0
93 374 115 374 115 406 93 406 neuron 0
95 352 117 352 117 387 95 387 neuron 0
82 336 104 336 104 373 82 373 neuron 0
107 312 129 312 129 349 107 349 neuron 0
108 340 132 340 132 376 108 376 neuron 0
211 223 234 223 234 264 211 264 neuron 0
203 212 226 212 226 245 203 245 neuron 0
208 188 231 188 231 224 208 224 neuron 0
230 186 253 186 253 218 230 218 neuron 0
261 188 290 188 290 223 261 223 neuron 0
353 352 375 352 375 387 353 387 neuron 0
367 344 389 344 389 379 367 379 neuron 0
358 387 383 387 383 416 358 416 neuron 0
364 369 388 369 388 400 364 400 neuron 0
380 368 403 368 403 404 380 404 neuron 0
382 341 404 341 404 376 382 376 neuron 0
376 401 398 401 398 432 376 432 neuron 0
384 394 408 394 408 426 384 426 neuron 0
389 413 410 413 410 443 389 443 neuron 0
408 317 432 317 432 351 408 351 neuron 0
418 304 441 304 441 343 418 343 neuron 0
372 186 395 186 395 222 372 222 neuron 0
398 186 421 186 421 222 398 222 neuron 0
404 208 428 208 428 245 404 245 neuron 0
420 267 442 267 442 301 420 301 neuron 0
460 256 485 256 485 288 460 288 neuron 0
434 275 459 275 459 312 434 312 neuron 0
543 202 566 202 566 238 543 238 neuron 0
552 227 573 227 573 263 552 263 neuron 0
547 251 568 251 568 287 547 287 neuron 0
558 260 579 260 579 292 558 292 neuron 0
590 269 614 269 614 303 590 303 neuron 0
579 284 601 284 601 316 579 316 neuron 0
611 301 634 301 634 335 611 335 neuron 0
583 351 609 351 609 392 583 392 neuron 0
620 450 640 450 640 490 620 490 neuron 0
583 451 612 451 612 487 583 487 neuron 0
587 473 611 473 611 508 587 508 neuron 0
305 104 333 104 333 147 305 147 neuron 0
333 92 360 92 360 128 333 128 neuron 0
348 80 375 80 375 115 348 115 neuron 0
353 104 382 104 382 145 353 145 neuron 0
405 108 429 108 429 145 405 145 neuron 0
433 52 457 52 457 85 433 85 neuron 0
446 35 471 35 471 71 446 71 neuron 0
453 16 476 16 476 49 453 49 neuron 0
516 77 538 77 538 111 516 111 neuron 0
541 56 563 56 563 92 541 92 neuron 0
40 141 63 141 63 172 40 172 neuron 0
48 119 74 119 74 156 48 156 neuron 0
18 103 44 103 44 140 18 140 neuron 0
93 172 119 172 119 209 93 209 neuron 0
128 141 154 141 154 176 128 176 neuron 0
243 171 266 171 266 207 243 207 neuron 0
180 178 208 178 208 210 180 210 neuron 0
210 160 235 160 235 193 210 193 neuron 0
271 12 294 12 294 52 271 52 neuron 0
236 72 264 72 264 115 236 115 neuron 0
247 609 271 609 271 640 247 640 neuron 0
197 145 220 145 220 180 197 180 neuron 0
195 124 218 124 218 159 195 159 neuron 0
174 142 198 142 198 174 174 174 neuron 0
173 113 195 113 195 151 173 151 neuron 0
160 118 181 118 181 158 160 158 neuron 0