94 337 120 337 120 376 94 376 neuron 0
86 360 110 360 110 397 86 397 neuron 0
90 420 114 420 114 459 90 459 neuron 0
72 445 95 445 95 483 72 483 neuron 0
88 452 111 452 111 488 88 488 neuron 0
80 429 102 429 102 467 80 467 neuron 0
84 504 109 504 109 543 84 543 neuron 0
85 532 109 532 109 567 85 567 neuron 0
40 275 65 275 65 312 40 312 neuron 0
34 251 60 251 60 287 34 287 neuron 0
61 219 86 219 86 256 61 256 neuron 0
70 204 95 204 95 243 70 243 neuron 0
230 300 254 300 254 336 230 336 neuron 0
248 309 273 309 273 344 248 344 neuron 0
225 341 248 341 248 376 225 376 neuron 0
240 337 262 337 262 371 240 371 neuron 0
230 364 250 364 250 396 230 396 neuron 0
242 360 263 360 263 392 242 392 neuron 0
254 342 278 342 278 378 254 378 neuron 0
220 196 244 196 244 232 220 232 neuron 0
248 511 271 511 271 549 248 549 neuron 0
262 503 289 503 289 533 262 533 neuron 0
260 524 284 524 284 559 260 559 neuron 0
328 496 355 496 355 535 328 535 neuron 0
319 586 346 586 346 622 319 622 neuron 0
331 572 357 572 357 604 331 604 neuron 0
335 595 358 595 358 628 335 628 neuron 0
334 290 359 290 359 326 334 326 neuron 0
30 208 58 208 58 248 30 248 neuron 0
29 187 56 187 56 219 29 219 neuron 0
322 268 348 268 348 304 322 304 neuron 0
323 248 342 248 342 280 323 280 neuron 0
362 596 387 596 387 629 362 629 neuron 0
353 577 382 577 382 608 353 608 neuron 0
483 594 508 594 508 634 483 634 neuron 0
495 580 515 580 515 617 495 617 neuron 0
483 559 505 559 505 599 483 599 neuron 0
481 515 504 515 504 555 481 555 neuron 0
473 497 496 497 496 535 473 535 neuron 0
465 514 488 514 488 554 465 554 neuron 0
537 474 564 474 564 510 537 510 neuron 0
523 418 548 418 548 454 523 454 neuron 0
555 543 580 543 580 583 555 583 neuron 0
376 299 404 299 404 335 376 335 neuron 0
468 300 491 300 491 335 468 335 neuron 0
446 465 467 465 467 503 446 503 neuron 0
441 491 465 491 465 523 441 523 neuron 0
421 420 442 420 442 456 421 456 neuron 0
417 368 439 368 439 411 417 411 neuron 0
412 388 434 388 434 423 412 423 neuron 0
435 447 457 447 457 479 435 479 neuron 0
435 425 460 425 460 459 435 459 neuron 0
440 359 462 359 462 396 440 396 neuron 0
417 313 441 313 441 351 417 351 neuron 0
433 304 456 304 456 341 433 341 neuron 0
441 326 463 326 463 362 441 362 neuron 0
430 369 453 369 453 408 430 408 neuron 0
485 352 511 352 511 387 485 387 neuron 0
484 328 509 328 509 364 484 364 neuron 0
557 319 581 319 581 363 557 363 neuron 0
617 340 639 340 639 377 617 377 neuron 0
605 354 626 354 626 390 605 390 neuron 0
597 380 620 380 620 416 597 416 neuron 0
601 403 623 403 623 437 601 437 neuron 0
585 403 607 403 607 436 585 436 neuron 0
577 426 606 426 606 462 577 462 neuron 0
490 145 509 145 509 183 490 183 neuron 0
504 127 529 127 529 159 504 159 neuron 0
515 100 538 100 538 136 515 136 neuron 0
529 117 551 117 551 159 529 159 neuron 0
541 52 564 52 564 92 541 92 neuron 0
548 23 572 23 572 60 548 60 neuron 0
287 111 309 111 309 144 287 144 neuron 0
21 166 46 166 46 198 21 198 neuron 0
16 184 36 184 36 216 16 216 neuron 0
54 121 79 121 79 156 54 156 neuron 0
72 101 97 101 97 135 72 135 neuron 0
74 123 101 123 101 156 74 156 neuron 0
91 107 117 107 117 144 91 144 neuron 0
102 69 126 69 126 103 102 103 neuron 0
115 128 140 128 140 164 115 164 neuron 0
118 156 142 156 142 189 118 189 neuron 0
143 143 169 143 169 179 143 179 neuron 0