35 552 60 552 60 587 35 587 neuron 0
48 559 72 559 72 592 48 592 neuron 0
42 348 66 348 66 389 42 389 neuron 0
79 435 105 435 105 468 79 468 neuron 0
99 404 125 404 125 447 99 447 neuron 0
102 441 127 441 127 480 102 480 neuron 0
95 460 117 460 117 500 95 500 neuron 0
84 474 105 474 105 510 84 510 neuron 0
97 501 123 501 123 539 97 539 neuron 0
131 463 155 463 155 493 131 493 neuron 0
118 420 153 420 153 460 118 460 neuron 0
132 353 161 353 161 391 132 391 neuron 0
177 364 201 364 201 401 177 401 neuron 0
201 368 226 368 226 401 201 401 neuron 0
203 350 227 350 227 378 203 378 neuron 0
161 400 186 400 186 441 161 441 neuron 0
178 407 203 407 203 443 178 443 neuron 0
171 423 194 423 194 460 171 460 neuron 0
249 597 275 597 275 631 249 631 neuron 0
33 262 61 262 61 298 33 298 neuron 0
75 257 98 257 98 295 75 295 neuron 0
69 279 93 279 93 315 69 315 neuron 0
90 268 115 268 115 301 90 301 neuron 0
132 220 157 220 157 259 132 259 neuron 0
158 214 183 214 183 250 158 250 neuron 0
147 227 172 227 172 260 147 260 neuron 0
172 227 197 227 197 264 172 264 neuron 0
245 236 271 236 271 272 245 272 neuron 0
251 479 273 479 273 509 251 509 neuron 0
287 484 310 484 310 519 287 519 neuron 0
290 508 311 508 311 544 290 544 neuron 0
303 512 325 512 325 547 303 547 neuron 0
307 535 331 535 331 572 307 572 neuron 0
331 407 356 407 356 444 331 444 neuron 0
371 337 396 337 396 371 371 371 neuron 0
393 305 417 305 417 343 393 343 neuron 0
407 438 431 438 431 474 407 474 neuron 0
451 503 476 503 476 539 451 539 neuron 0
483 575 507 575 507 611 483 611 neuron 0
478 556 503 556 503 588 478 588 neuron 0
487 531 513 531 513 572 487 572 neuron 0
504 528 529 528 529 564 504 564 neuron 0
293 182 319 182 319 218 293 218 neuron 0
358 201 385 201 385 239 358 239 neuron 0
372 196 395 196 395 228 372 228 neuron 0
417 292 441 292 441 329 417 329 neuron 0
428 255 454 255 454 288 428 288 neuron 0
439 283 462 283 462 323 439 323 neuron 0
430 280 451 280 451 316 430 316 neuron 0
494 267 517 267 517 303 494 303 neuron 0
445 219 470 219 470 248 445 248 neuron 0
447 194 470 194 470 230 447 230 neuron 0
482 230 506 230 506 266 482 266 neuron 0
465 227 489 227 489 261 465 261 neuron 0
525 168 551 168 551 204 525 204 neuron 0
471 168 498 168 498 205 471 205 neuron 0
538 284 565 284 565 327 538 327 neuron 0
499 393 521 393 521 424 499 424 neuron 0
541 432 564 432 564 467 541 467 neuron 0
533 444 557 444 557 480 533 480 neuron 0
552 455 577 455 577 492 552 492 neuron 0
607 532 626 532 626 563 607 563 neuron 0
617 544 640 544 640 579 617 579 neuron 0
447 148 473 148 473 184 447 184 neuron 0
459 135 480 135 480 168 459 168 neuron 0
463 159 483 159 483 191 463 191 neuron 0
437 183 459 183 459 212 437 212 neuron 0
451 172 473 172 473 204 451 204 neuron 0
566 136 589 136 589 172 566 172 neuron 0
567 107 588 107 588 145 567 145 neuron 0
582 143 609 143 609 176 582 176 neuron 0
576 19 601 19 601 56 576 56 neuron 0
504 0 535 0 535 36 504 36 neuron 0
581 121 605 121 605 155 581 155 neuron 0
590 81 613 81 613 116 590 116 neuron 0
582 103 607 103 607 133 582 133 neuron 0
595 122 616 122 616 154 595 154 neuron 0
622 89 640 89 640 128 622 128 neuron 0
611 109 637 109 637 140 611 140 neuron 0
18 184 40 184 40 220 18 220 neuron 0
76 167 100 167 100 205 76 205 neuron 0
88 186 109 186 109 218 88 218 neuron 0
75 108 100 108 100 145 75 145 neuron 0
82 80 103 80 103 116 82 116 neuron 0
81 52 102 52 102 88 81 88 neuron 0
94 50 113 50 113 86 94 86 neuron 0
108 7 132 7 132 44 108 44 neuron 0
105 43 127 43 127 80 105 80 neuron 0
230 17 254 17 254 56 230 56 neuron 0