31 248 59 248 59 283 31 283 neuron 0
39 271 66 271 66 308 39 308 neuron 0
58 213 83 213 83 255 58 255 neuron 0
68 197 90 197 90 236 68 236 neuron 0
26 205 54 205 54 243 26 243 neuron 0
38 189 63 189 63 220 38 220 neuron 0
90 335 114 335 114 369 90 369 neuron 0
81 352 105 352 105 388 81 388 neuron 0
85 403 108 403 108 445 85 445 neuron 0
73 418 92 418 92 450 73 450 neuron 0
65 439 84 439 84 472 65 472 neuron 0
75 441 101 441 101 484 75 484 neuron 0
77 499 100 499 100 537 77 537 neuron 0
77 527 99 527 99 560 77 560 neuron 0
230 296 255 296 255 336 230 336 neuron 0
247 309 270 309 270 347 247 347 neuron 0
222 337 245 337 245 375 222 375 neuron 0
227 364 248 364 248 395 227 395 neuron 0
238 337 261 337 261 371 238 371 neuron 0
239 360 259 360 259 393 239 393 neuron 0
254 340 275 340 275 377 254 377 neuron 0
223 183 249 183 249 221 223 221 neuron 0
243 516 265 516 265 553 243 553 neuron 0
259 501 283 501 283 536 259 536 neuron 0
254 525 277 525 277 563 254 563 neuron 0
325 495 352 495 352 532 325 532 neuron 0
317 580 342 580 342 612 317 612 neuron 0
327 567 349 567 349 599 327 599 neuron 0
328 592 354 592 354 621 328 621 neuron 0
358 588 383 588 383 621 358 621 neuron 0
324 264 350 264 350 297 324 297 neuron 0
331 287 355 287 355 316 331 316 neuron 0
365 286 390 286 390 322 365 322 neuron 0
413 304 437 304 437 341 413 341 neuron 0
431 297 455 297 455 332 431 332 neuron 0
439 320 459 320 459 353 439 353 neuron 0
439 351 461 351 461 388 439 388 neuron 0
428 364 448 364 448 403 428 403 neuron 0
413 363 437 363 437 396 413 396 neuron 0
409 382 429 382 429 414 409 414 neuron 0
417 391 439 391 439 421 417 421 neuron 0
399 397 419 397 419 432 399 432 neuron 0
432 441 453 441 453 475 432 475 neuron 0
442 459 464 459 464 489 442 489 neuron 0
453 477 475 477 475 511 453 511 neuron 0
439 487 461 487 461 517 439 517 neuron 0
444 478 462 478 462 502 444 502 neuron 0
468 491 493 491 493 527 468 527 neuron 0
463 511 485 511 485 545 463 545 neuron 0
478 511 499 511 499 543 478 543 neuron 0
477 551 499 551 499 584 477 584 neuron 0
479 583 504 583 504 623 479 623 neuron 0
492 572 513 572 513 609 492 609 neuron 0
328 248 346 248 346 276 328 276 neuron 0
464 295 488 295 488 328 464 328 neuron 0
483 321 507 321 507 356 483 356 neuron 0
483 348 508 348 508 383 483 383 neuron 0
457 456 473 456 473 487 457 487 neuron 0
63 267 82 267 82 299 63 299 neuron 0
555 311 576 311 576 349 555 349 neuron 0
516 412 539 412 539 448 516 448 neuron 0
537 467 563 467 563 499 537 499 neuron 0
554 532 576 532 576 565 554 565 neuron 0
577 422 601 422 601 458 577 458 neuron 0
581 399 607 399 607 433 581 433 neuron 0
599 400 622 400 622 432 599 432 neuron 0
597 376 623 376 623 411 597 411 neuron 0
601 352 625 352 625 388 601 388 neuron 0
615 339 636 339 636 376 615 376 neuron 0
287 104 307 104 307 139 287 139 neuron 0
546 17 568 17 568 55 546 55 neuron 0
539 45 561 45 561 83 539 83 neuron 0
521 120 545 120 545 157 521 157 neuron 0
510 96 537 96 537 128 510 128 neuron 0
502 127 525 127 525 156 502 156 neuron 0
484 140 506 140 506 177 484 177 neuron 0
18 159 41 159 41 189 18 189 neuron 0
26 179 50 179 50 212 26 212 neuron 0
50 117 77 117 77 155 50 155 neuron 0
69 98 96 98 96 130 69 130 neuron 0
74 123 99 123 99 153 74 153 neuron 0
87 108 113 108 113 141 87 141 neuron 0
98 63 124 63 124 99 98 99 neuron 0
112 124 135 124 135 156 112 156 neuron 0
116 151 137 151 137 181 116 181 neuron 0
141 138 166 138 166 174 141 174 neuron 0