85 523 110 523 110 556 85 556 neuron 0
172 561 198 561 198 600 172 600 neuron 0
192 544 216 544 216 581 192 581 neuron 0
196 287 218 287 218 327 196 327 neuron 0
185 292 207 292 207 332 185 332 neuron 0
196 423 221 423 221 459 196 459 neuron 0
206 407 225 407 225 444 206 444 neuron 0
220 403 242 403 242 441 220 441 neuron 0
217 436 244 436 244 464 217 464 neuron 0
228 453 252 453 252 491 228 491 neuron 0
231 479 255 479 255 516 231 516 neuron 0
242 465 267 465 267 503 242 503 neuron 0
229 505 252 505 252 540 229 540 neuron 0
278 516 299 516 299 553 278 553 neuron 0
376 591 400 591 400 633 376 633 neuron 0
376 482 397 482 397 522 376 522 neuron 0
386 458 409 458 409 494 386 494 neuron 0
374 425 397 425 397 460 374 460 neuron 0
383 409 402 409 402 444 383 444 neuron 0
437 431 460 431 460 465 437 465 neuron 0
412 335 436 335 436 375 412 375 neuron 0
438 318 460 318 460 354 438 354 neuron 0
74 236 100 236 100 277 74 277 neuron 0
93 184 118 184 118 220 93 220 neuron 0
147 201 172 201 172 239 147 239 neuron 0
172 220 197 220 197 256 172 256 neuron 0
163 201 188 201 188 235 163 235 neuron 0
5 207 31 207 31 247 5 247 neuron 0
232 396 253 396 253 431 232 431 neuron 0
232 420 254 420 254 453 232 453 neuron 0
452 197 476 197 476 236 452 236 neuron 0
465 201 488 201 488 240 465 240 neuron 0
552 181 576 181 576 219 552 219 neuron 0
587 484 612 484 612 521 587 521 neuron 0
346 24 368 24 368 55 346 55 neuron 0
354 7 374 7 374 44 354 44 neuron 0
407 112 433 112 433 152 407 152 neuron 0
590 42 616 42 616 78 590 78 neuron 0
593 116 616 116 616 155 593 155 neuron 0
618 120 640 120 640 161 618 161 neuron 0
146 180 171 180 171 212 146 212 neuron 0