3 580 26 580 26 611 3 611 neuron 0
17 580 37 580 37 615 17 615 neuron 0
7 597 25 597 25 624 7 624 neuron 0
5 280 30 280 30 316 5 316 neuron 0
7 312 29 312 29 345 7 345 neuron 0
45 185 70 185 70 223 45 223 neuron 0
54 213 77 213 77 251 54 251 neuron 0
49 240 72 240 72 269 49 269 neuron 0
39 275 64 275 64 308 39 308 neuron 0
47 261 72 261 72 296 47 296 neuron 0
67 282 90 282 90 314 67 314 neuron 0
61 256 86 256 86 291 61 291 neuron 0
73 242 94 242 94 278 73 278 neuron 0
76 265 96 265 96 296 76 296 neuron 0
73 216 96 216 96 253 73 253 neuron 0
80 199 103 199 103 232 80 232 neuron 0
93 192 116 192 116 228 93 228 neuron 0
86 220 106 220 106 252 86 252 neuron 0
206 208 229 208 229 241 206 241 neuron 0
145 375 168 375 168 407 145 407 neuron 0
150 396 175 396 175 432 150 432 neuron 0
160 424 182 424 182 463 160 463 neuron 0
162 455 190 455 190 493 162 493 neuron 0
184 432 209 432 209 465 184 465 neuron 0
194 452 220 452 220 485 194 485 neuron 0
210 444 233 444 233 481 210 481 neuron 0
203 469 227 469 227 503 203 503 neuron 0
195 480 218 480 218 520 195 520 neuron 0
192 559 215 559 215 596 192 596 neuron 0
205 552 231 552 231 592 205 592 neuron 0
346 493 370 493 370 531 346 531 neuron 0
362 466 384 466 384 502 362 502 neuron 0
375 460 395 460 395 496 375 496 neuron 0
370 381 392 381 392 416 370 416 neuron 0
355 367 380 367 380 415 355 415 neuron 0
367 335 388 335 388 369 367 369 neuron 0
353 349 376 349 376 380 353 380 neuron 0
339 328 360 328 360 367 339 367 neuron 0
326 308 355 308 355 345 326 345 neuron 0
374 275 398 275 398 311 374 311 neuron 0
378 257 397 257 397 284 378 284 neuron 0
387 267 411 267 411 305 387 305 neuron 0
390 251 412 251 412 279 390 279 neuron 0
401 257 421 257 421 292 401 292 neuron 0
414 256 440 256 440 291 414 291 neuron 0
425 242 450 242 450 278 425 278 neuron 0
481 443 508 443 508 477 481 477 neuron 0
545 399 569 399 569 435 545 435 neuron 0
557 359 577 359 577 395 557 395 neuron 0
575 346 598 346 598 382 575 382 neuron 0
619 364 640 364 640 404 619 404 neuron 0
614 392 634 392 634 423 614 423 neuron 0
602 415 624 415 624 448 602 448 neuron 0
596 436 624 436 624 473 596 473 neuron 0
592 196 617 196 617 233 592 233 neuron 0
428 197 452 197 452 232 428 232 neuron 0
428 221 452 221 452 252 428 252 neuron 0
440 232 464 232 464 267 440 267 neuron 0
458 216 484 216 484 253 458 253 neuron 0
245 43 265 43 265 71 245 71 neuron 0
268 68 293 68 293 107 268 107 neuron 0
312 144 336 144 336 181 312 181 neuron 0
360 16 384 16 384 51 360 51 neuron 0
376 16 402 16 402 57 376 57 neuron 0
450 183 475 183 475 224 450 224 neuron 0
512 96 534 96 534 135 512 135 neuron 0
394 179 414 179 414 212 394 212 neuron 0
126 7 148 7 148 47 126 47 neuron 0