82 501 107 501 107 539 82 539 neuron 0
81 452 108 452 108 492 81 492 neuron 0
105 452 131 452 131 484 105 484 neuron 0
108 473 133 473 133 511 108 511 neuron 0
91 393 115 393 115 431 91 431 neuron 0
100 415 123 415 123 448 100 448 neuron 0
109 395 134 395 134 432 109 432 neuron 0
137 371 162 371 162 405 137 405 neuron 0
133 496 159 496 159 529 133 529 neuron 0
134 519 156 519 156 553 134 553 neuron 0
125 559 149 559 149 591 125 591 neuron 0
126 583 154 583 154 615 126 615 neuron 0
124 604 150 604 150 640 124 640 neuron 0
167 533 192 533 192 567 167 567 neuron 0
171 511 196 511 196 545 171 545 neuron 0
37 223 60 223 60 257 37 257 neuron 0
49 243 74 243 74 281 49 281 neuron 0
36 247 57 247 57 279 36 279 neuron 0
65 282 90 282 90 322 65 322 neuron 0
146 345 172 345 172 379 146 379 neuron 0
170 331 194 331 194 367 170 367 neuron 0
168 300 196 300 196 337 168 337 neuron 0
150 300 178 300 178 335 150 335 neuron 0
199 356 225 356 225 391 199 391 neuron 0
232 271 258 271 258 309 232 309 neuron 0
241 358 266 358 266 394 241 394 neuron 0
257 376 282 376 282 412 257 412 neuron 0
248 221 269 221 269 255 248 255 neuron 0
257 239 279 239 279 271 257 271 neuron 0
309 280 331 280 331 312 309 312 neuron 0
268 325 290 325 290 359 268 359 neuron 0
298 326 318 326 318 362 298 362 neuron 0
284 329 305 329 305 363 284 363 neuron 0
288 367 311 367 311 399 288 399 neuron 0
297 377 321 377 321 416 297 416 neuron 0
326 399 358 399 358 437 326 437 neuron 0
322 439 344 439 344 481 322 481 neuron 0
309 547 333 547 333 584 309 584 neuron 0
334 501 361 501 361 539 334 539 neuron 0
336 528 360 528 360 564 336 564 neuron 0
330 547 355 547 355 583 330 583 neuron 0
349 555 372 555 372 593 349 593 neuron 0
367 544 394 544 394 581 367 581 neuron 0
377 571 400 571 400 605 377 605 neuron 0
450 258 472 258 472 298 450 298 neuron 0
436 337 458 337 458 375 436 375 neuron 0
468 463 494 463 494 493 468 493 neuron 0
368 412 392 412 392 449 368 449 neuron 0
382 407 404 407 404 443 382 443 neuron 0
382 381 404 381 404 419 382 419 neuron 0
365 359 390 359 390 391 365 391 neuron 0
379 362 403 362 403 394 379 394 neuron 0
394 369 415 369 415 404 394 404 neuron 0
396 392 417 392 417 425 396 425 neuron 0
396 415 414 415 414 444 396 444 neuron 0
483 317 510 317 510 356 483 356 neuron 0
495 262 519 262 519 302 495 302 neuron 0
305 301 328 301 328 343 305 343 neuron 0
512 313 538 313 538 352 512 352 neuron 0
533 306 555 306 555 342 533 342 neuron 0
518 359 544 359 544 392 518 392 neuron 0
544 384 566 384 566 419 544 419 neuron 0
476 444 504 444 504 479 476 479 neuron 0
558 424 580 424 580 464 558 464 neuron 0
576 423 598 423 598 463 576 463 neuron 0
577 488 599 488 599 520 577 520 neuron 0
571 511 590 511 590 541 571 541 neuron 0
546 588 572 588 572 621 546 621 neuron 0
537 608 559 608 559 640 537 640 neuron 0
185 94 214 94 214 134 185 134 neuron 0
188 124 212 124 212 160 188 160 neuron 0
241 152 265 152 265 187 241 187 neuron 0
255 160 277 160 277 199 255 199 neuron 0
235 183 257 183 257 217 235 217 neuron 0
285 84 311 84 311 128 285 128 neuron 0
405 140 432 140 432 176 405 176 neuron 0
425 132 448 132 448 167 425 167 neuron 0
406 165 431 165 431 200 406 200 neuron 0
440 171 470 171 470 211 440 211 neuron 0
474 66 493 66 493 98 474 98 neuron 0
484 72 508 72 508 109 484 109 neuron 0
510 43 534 43 534 81 510 81 neuron 0
550 25 576 25 576 63 550 63 neuron 0
506 105 526 105 526 144 506 144 neuron 0
530 129 556 129 556 167 530 167 neuron 0
545 143 570 143 570 181 545 181 neuron 0
397 63 422 63 422 104 397 104 neuron 0
387 72 410 72 410 109 387 109 neuron 0
364 3 388 3 388 33 364 33 neuron 0
371 23 388 23 388 55 371 55 neuron 0
378 7 402 7 402 39 378 39 neuron 0
394 6 417 6 417 42 394 42 neuron 0
394 29 418 29 418 63 394 63 neuron 0
412 40 432 40 432 71 412 71 neuron 0
393 49 414 49 414 76 393 76 neuron 0
12 139 37 139 37 175 12 175 neuron 0
23 159 45 159 45 192 23 192 neuron 0
39 182 63 182 63 218 39 218 neuron 0
72 42 94 42 94 82 72 82 neuron 0
88 43 110 43 110 77 88 77 neuron 0
122 95 144 95 144 132 122 132 neuron 0