152 304 173 304 173 339 152 339 neuron 0
141 324 164 324 164 359 141 359 neuron 0
157 328 182 328 182 363 157 363 neuron 0
156 352 182 352 182 381 156 381 neuron 0
178 291 202 291 202 328 178 328 neuron 0
202 379 228 379 228 417 202 417 neuron 0
198 403 227 403 227 436 198 436 neuron 0
222 425 248 425 248 456 222 456 neuron 0
232 411 256 411 256 444 232 444 neuron 0
301 182 322 182 322 218 301 218 neuron 0
314 184 336 184 336 219 314 219 neuron 0
332 228 357 228 357 264 332 264 neuron 0
326 207 352 207 352 240 326 240 neuron 0
373 262 397 262 397 298 373 298 neuron 0
400 290 424 290 424 326 400 326 neuron 0
440 271 462 271 462 315 440 315 neuron 0
428 312 456 312 456 349 428 349 neuron 0
426 371 452 371 452 409 426 409 neuron 0
450 365 475 365 475 400 450 400 neuron 0
472 341 500 341 500 376 472 376 neuron 0
475 512 500 512 500 549 475 549 neuron 0
431 593 458 593 458 627 431 627 neuron 0
428 574 454 574 454 606 428 606 neuron 0
367 579 392 579 392 613 367 613 neuron 0
358 589 378 589 378 624 358 624 neuron 0
402 568 428 568 428 604 402 604 neuron 0
395 584 420 584 420 619 395 619 neuron 0
563 242 589 242 589 278 563 278 neuron 0
577 415 599 415 599 452 577 452 neuron 0
618 7 640 7 640 47 618 47 neuron 0
70 168 93 168 93 209 70 209 neuron 0
81 141 104 141 104 180 81 180 neuron 0
55 3 81 3 81 39 55 39 neuron 0
104 40 129 40 129 77 104 77 neuron 0
106 3 130 3 130 39 106 39 neuron 0
151 16 175 16 175 51 151 51 neuron 0
253 85 279 85 279 123 253 123 neuron 0