12 457 38 457 38 496 12 496 neuron 0
7 485 32 485 32 516 7 516 neuron 0
19 499 40 499 40 531 19 531 neuron 0
32 520 54 520 54 555 32 555 neuron 0
52 592 74 592 74 633 52 633 neuron 0
30 200 55 200 55 235 30 235 neuron 0
58 323 84 323 84 357 58 357 neuron 0
65 306 90 306 90 338 65 338 neuron 0
76 315 98 315 98 352 76 352 neuron 0
190 436 215 436 215 472 190 472 neuron 0
240 207 264 207 264 245 240 245 neuron 0
271 227 294 227 294 259 271 259 neuron 0
263 336 287 336 287 369 263 369 neuron 0
235 357 262 357 262 399 235 399 neuron 0
226 408 249 408 249 441 226 441 neuron 0
238 400 264 400 264 437 238 437 neuron 0
258 411 286 411 286 445 258 445 neuron 0
293 412 315 412 315 445 293 445 neuron 0
300 379 323 379 323 415 300 415 neuron 0
280 453 306 453 306 488 280 488 neuron 0
296 299 319 299 319 340 296 340 neuron 0
322 333 348 333 348 368 322 368 neuron 0
337 312 363 312 363 353 337 353 neuron 0
386 315 411 315 411 352 386 352 neuron 0
395 299 420 299 420 331 395 331 neuron 0
423 335 444 335 444 371 423 371 neuron 0
436 337 460 337 460 375 436 375 neuron 0
229 604 252 604 252 640 229 640 neuron 0
241 594 266 594 266 626 241 626 neuron 0
252 576 274 576 274 608 252 608 neuron 0
281 544 305 544 305 581 281 581 neuron 0
292 487 315 487 315 525 292 525 neuron 0
307 488 329 488 329 525 307 525 neuron 0
325 472 349 472 349 512 325 512 neuron 0
339 441 362 441 362 475 339 475 neuron 0
353 438 378 438 378 478 353 478 neuron 0
370 588 395 588 395 621 370 621 neuron 0
356 606 382 606 382 640 356 640 neuron 0
419 600 446 600 446 637 419 637 neuron 0
441 568 462 568 462 605 441 605 neuron 0
454 574 478 574 478 614 454 614 neuron 0
467 555 490 555 490 588 467 588 neuron 0
452 520 476 520 476 561 452 561 neuron 0
479 519 503 519 503 556 479 556 neuron 0
480 547 500 547 500 577 480 577 neuron 0
464 466 487 466 487 510 464 510 neuron 0
493 461 516 461 516 496 493 496 neuron 0
460 341 483 341 483 375 460 375 neuron 0
458 311 486 311 486 348 458 348 neuron 0
476 322 499 322 499 354 476 354 neuron 0
500 401 524 401 524 435 500 435 neuron 0
257 184 288 184 288 221 257 221 neuron 0
270 204 293 204 293 241 270 241 neuron 0
481 405 507 405 507 443 481 443 neuron 0
507 364 529 364 529 400 507 400 neuron 0
559 331 585 331 585 365 559 365 neuron 0
567 409 595 409 595 443 567 443 neuron 0
570 561 595 561 595 595 570 595 neuron 0
554 219 578 219 578 252 554 252 neuron 0
539 238 561 238 561 274 539 274 neuron 0
612 243 638 243 638 281 612 281 neuron 0
602 279 625 279 625 313 602 313 neuron 0
233 181 257 181 257 215 233 215 neuron 0
218 172 240 172 240 212 218 212 neuron 0
230 13 256 13 256 52 230 52 neuron 0
488 31 511 31 511 65 488 65 neuron 0
558 159 580 159 580 193 558 193 neuron 0
553 136 576 136 576 177 553 177 neuron 0
559 94 582 94 582 130 559 130 neuron 0
567 131 590 131 590 169 567 169 neuron 0
581 117 604 117 604 151 581 151 neuron 0
575 103 597 103 597 132 575 132 neuron 0
211 15 239 15 239 51 211 51 neuron 0
220 36 247 36 247 71 220 71 neuron 0
198 32 224 32 224 61 198 61 neuron 0
198 59 222 59 222 92 198 92 neuron 0
185 72 206 72 206 105 185 105 neuron 0
188 48 210 48 210 83 188 83 neuron 0
150 55 175 55 175 84 150 84 neuron 0
150 72 174 72 174 109 150 109 neuron 0
136 75 161 75 161 116 136 116 neuron 0
114 91 138 91 138 127 114 127 neuron 0
158 110 180 110 180 150 158 150 neuron 0