33 531 59 531 59 565 33 565 neuron 0
30 505 58 505 58 540 30 540 neuron 0
11 568 32 568 32 603 11 603 neuron 0
7 544 29 544 29 579 7 579 neuron 0
53 467 78 467 78 507 53 507 neuron 0
70 501 90 501 90 536 70 536 neuron 0
82 508 108 508 108 544 82 544 neuron 0
99 495 119 495 119 528 99 528 neuron 0
98 469 119 469 119 504 98 504 neuron 0
100 440 122 440 122 477 100 477 neuron 0
89 453 109 453 109 487 89 487 neuron 0
80 492 107 492 107 519 80 519 neuron 0
81 472 104 472 104 504 81 504 neuron 0
19 373 44 373 44 416 19 416 neuron 0
32 369 56 369 56 408 32 408 neuron 0
40 355 62 355 62 391 40 391 neuron 0
30 197 51 197 51 239 30 239 neuron 0
100 223 124 223 124 260 100 260 neuron 0
144 277 167 277 167 319 144 319 neuron 0
174 484 200 484 200 523 174 523 neuron 0
199 393 223 393 223 436 199 436 neuron 0
128 578 151 578 151 614 128 614 neuron 0
157 524 182 524 182 560 157 560 neuron 0
157 578 187 578 187 622 157 622 neuron 0
305 403 329 403 329 437 305 437 neuron 0
271 544 293 544 293 576 271 576 neuron 0
265 519 293 519 293 551 265 551 neuron 0
286 499 311 499 311 532 286 532 neuron 0
295 555 316 555 316 588 295 588 neuron 0
280 561 303 561 303 591 280 591 neuron 0
279 531 303 531 303 565 279 565 neuron 0
319 515 345 515 345 545 319 545 neuron 0
331 549 354 549 354 583 331 583 neuron 0
358 573 384 573 384 608 358 608 neuron 0
454 488 477 488 477 527 454 527 neuron 0
470 220 495 220 495 261 470 261 neuron 0
545 256 571 256 571 301 545 301 neuron 0
590 163 616 163 616 196 590 196 neuron 0
486 443 514 443 514 480 486 480 neuron 0
516 409 540 409 540 444 516 444 neuron 0
523 392 546 392 546 425 523 425 neuron 0
572 368 594 368 594 408 572 408 neuron 0
530 476 561 476 561 513 530 513 neuron 0
538 584 561 584 561 619 538 619 neuron 0
550 568 572 568 572 605 550 605 neuron 0
609 518 633 518 633 550 609 550 neuron 0
596 479 620 479 620 512 596 512 neuron 0
591 463 615 463 615 493 591 493 neuron 0
589 427 612 427 612 468 589 468 neuron 0
614 426 638 426 638 462 614 462 neuron 0
606 448 634 448 634 485 606 485 neuron 0
320 76 343 76 343 117 320 117 neuron 0
385 15 411 15 411 49 385 49 neuron 0
427 116 450 116 450 152 427 152 neuron 0
470 45 497 45 497 87 470 87 neuron 0
495 127 517 127 517 163 495 163 neuron 0
583 124 606 124 606 157 583 157 neuron 0
590 97 609 97 609 132 590 132 neuron 0
579 65 601 65 601 96 579 96 neuron 0
580 42 600 42 600 74 580 74 neuron 0
577 19 597 19 597 52 577 52 neuron 0
593 41 615 41 615 71 593 71 neuron 0
598 19 620 19 620 52 598 52 neuron 0
591 57 614 57 614 87 591 87 neuron 0
601 72 622 72 622 104 601 104 neuron 0
590 76 610 76 610 105 590 105 neuron 0
604 94 623 94 623 126 604 126 neuron 0
601 119 622 119 622 153 601 153 neuron 0
79 27 101 27 101 64 79 64 neuron 0
49 176 72 176 72 209 49 209 neuron 0
108 164 133 164 133 201 108 201 neuron 0