21 600 43 600 43 637 21 637 neuron 0
18 579 38 579 38 613 18 613 neuron 0
29 565 52 565 52 600 29 600 neuron 0
36 547 59 547 59 581 36 581 neuron 0
42 576 61 576 61 611 42 611 neuron 0
66 554 90 554 90 590 66 590 neuron 0
69 511 96 511 96 544 69 544 neuron 0
54 539 78 539 78 575 54 575 neuron 0
42 517 65 517 65 556 42 556 neuron 0
67 482 92 482 92 518 67 518 neuron 0
74 463 102 463 102 495 74 495 neuron 0
41 454 62 454 62 490 41 490 neuron 0
54 462 76 462 76 490 54 490 neuron 0
48 437 70 437 70 472 48 472 neuron 0
91 288 119 288 119 325 91 325 neuron 0
140 351 166 351 166 392 140 392 neuron 0
117 396 139 396 139 428 117 428 neuron 0
159 516 183 516 183 553 159 553 neuron 0
175 515 200 515 200 551 175 551 neuron 0
161 595 186 595 186 627 161 627 neuron 0
116 614 139 614 139 640 116 640 neuron 0
132 616 143 616 143 632 132 632 neuron 0
198 600 224 600 224 639 198 639 neuron 0
181 197 207 197 207 239 181 239 neuron 0
187 224 212 224 212 260 187 260 neuron 0
198 205 222 205 222 239 198 239 neuron 0
274 227 300 227 300 267 274 267 neuron 0
300 291 322 291 322 328 300 328 neuron 0
314 283 335 283 335 324 314 324 neuron 0
342 422 368 422 368 458 342 458 neuron 0
306 479 334 479 334 516 306 516 neuron 0
296 507 317 507 317 544 296 544 neuron 0
310 504 334 504 334 536 310 536 neuron 0
336 508 358 508 358 544 336 544 neuron 0
336 533 358 533 358 568 336 568 neuron 0
372 451 397 451 397 485 372 485 neuron 0
397 527 420 527 420 557 397 557 neuron 0
356 605 380 605 380 640 356 640 neuron 0
454 329 476 329 476 364 454 364 neuron 0
464 314 486 314 486 350 464 350 neuron 0
339 199 366 199 366 232 339 232 neuron 0
496 241 522 241 522 275 496 275 neuron 0
509 211 532 211 532 245 509 245 neuron 0
522 200 548 200 548 232 522 232 neuron 0
510 190 532 190 532 222 510 222 neuron 0
560 335 583 335 583 373 560 373 neuron 0
577 568 601 568 601 607 577 607 neuron 0
442 10 463 10 463 50 442 50 neuron 0
431 16 454 16 454 55 431 55 neuron 0
409 24 429 24 429 56 409 56 neuron 0
420 23 441 23 441 55 420 55 neuron 0
457 121 478 121 478 156 457 156 neuron 0
471 122 495 122 495 158 471 158 neuron 0
342 176 366 176 366 209 342 209 neuron 0
322 153 351 153 351 191 322 191 neuron 0
330 177 349 177 349 211 330 211 neuron 0
277 167 304 167 304 203 277 203 neuron 0
279 141 306 141 306 180 279 180 neuron 0
264 172 285 172 285 203 264 203 neuron 0
182 160 206 160 206 199 182 199 neuron 0
174 140 194 140 194 175 174 175 neuron 0
177 117 198 117 198 151 177 151 neuron 0
168 88 189 88 189 124 168 124 neuron 0
176 69 204 69 204 103 176 103 neuron 0
211 52 237 52 237 92 211 92 neuron 0
214 142 235 142 235 178 214 178 neuron 0
226 149 246 149 246 184 226 184 neuron 0
189 135 216 135 216 169 189 169 neuron 0
189 105 214 105 214 144 189 144 neuron 0
415 489 438 489 438 527 415 527 neuron 0