444 289 470 289 470 328 444 328 neuron 0
563 282 592 282 592 314 563 314 neuron 0
562 235 590 235 590 272 562 272 neuron 0
564 195 591 195 591 233 564 233 neuron 0
525 168 548 168 548 203 525 203 neuron 0
473 231 500 231 500 267 473 267 neuron 0
559 100 580 100 580 136 559 136 neuron 0
542 187 566 187 566 221 542 221 neuron 0
622 195 640 195 640 236 622 236 neuron 0
495 40 524 40 524 76 495 76 neuron 0
487 15 512 15 512 48 487 48 neuron 0
426 7 453 7 453 47 426 47 neuron 0
393 174 419 174 419 218 393 218 neuron 0
388 276 410 276 410 320 388 320 neuron 0
349 300 375 300 375 339 349 339 neuron 0
410 355 438 355 438 393 410 393 neuron 0
386 356 410 356 410 387 386 387 neuron 0
389 334 410 334 410 366 389 366 neuron 0
377 417 405 417 405 448 377 448 neuron 0
389 455 415 455 415 488 389 488 neuron 0
308 364 334 364 334 400 308 400 neuron 0
259 391 282 391 282 424 259 424 neuron 0
265 369 289 369 289 403 265 403 neuron 0
327 479 349 479 349 513 327 513 neuron 0
315 529 340 529 340 560 315 560 neuron 0
259 609 281 609 281 640 259 640 neuron 0
243 597 264 597 264 631 243 631 neuron 0
228 587 251 587 251 621 228 621 neuron 0
226 499 251 499 251 532 226 532 neuron 0
231 475 255 475 255 505 231 505 neuron 0
219 479 240 479 240 515 219 515 neuron 0
208 403 235 403 235 440 208 440 neuron 0
237 327 265 327 265 361 237 361 neuron 0
193 320 216 320 216 351 193 351 neuron 0
182 343 208 343 208 379 182 379 neuron 0
267 297 292 297 292 336 267 336 neuron 0
261 243 284 243 284 273 261 273 neuron 0
128 483 152 483 152 521 128 521 neuron 0
84 347 111 347 111 385 84 385 neuron 0
169 235 196 235 196 267 169 267 neuron 0
486 144 507 144 507 176 486 176 neuron 0
374 115 398 115 398 151 374 151 neuron 0
266 191 291 191 291 229 266 229 neuron 0
258 171 279 171 279 204 258 204 neuron 0
362 236 382 236 382 265 362 265 neuron 0
454 265 475 265 475 295 454 295 neuron 0
25 437 49 437 49 471 25 471 neuron 0
14 421 39 421 39 452 14 452 neuron 0
51 429 75 429 75 459 51 459 neuron 0
51 406 76 406 76 438 51 438 neuron 0
51 373 75 373 75 404 51 404 neuron 0
224 219 244 219 244 245 224 245 neuron 0
212 182 233 182 233 218 212 218 neuron 0
199 204 221 204 221 232 199 232 neuron 0
193 184 216 184 216 219 193 219 neuron 0
164 211 183 211 183 240 164 240 neuron 0
133 186 161 186 161 226 133 226 neuron 0
90 171 111 171 111 203 90 203 neuron 0
73 164 96 164 96 201 73 201 neuron 0
54 175 73 175 73 203 54 203 neuron 0
18 164 39 164 39 199 18 199 neuron 0
25 232 46 232 46 269 25 269 neuron 0
16 225 35 225 35 256 16 256 neuron 0
6 237 27 237 27 268 6 268 neuron 0
5 259 28 259 28 291 5 291 neuron 0
68 491 90 491 90 517 68 517 neuron 0
51 542 72 542 72 570 51 570 neuron 0
45 517 64 517 64 547 45 547 neuron 0
26 507 47 507 47 535 26 535 neuron 0
22 543 41 543 41 572 22 572 neuron 0
13 479 31 479 31 508 13 508 neuron 0
114 407 134 407 134 429 114 429 neuron 0
189 391 210 391 210 416 189 416 neuron 0
130 312 151 312 151 339 130 339 neuron 0
215 317 234 317 234 344 215 344 neuron 0
319 341 338 341 338 368 319 368 neuron 0