232 298 262 298 262 334 232 334 neuron 0
177 311 205 311 205 348 177 348 neuron 0
189 285 215 285 215 324 189 324 neuron 0
206 151 232 151 232 184 206 184 neuron 0
262 156 292 156 292 196 262 196 neuron 0
258 353 283 353 283 391 258 391 neuron 0
261 336 287 336 287 369 261 369 neuron 0
307 327 332 327 332 369 307 369 neuron 0
205 372 234 372 234 411 205 411 neuron 0
222 468 251 468 251 503 222 503 neuron 0
229 441 256 441 256 480 229 480 neuron 0
240 564 264 564 264 600 240 600 neuron 0
392 142 418 142 418 186 392 186 neuron 0
383 424 412 424 412 459 383 459 neuron 0
374 384 405 384 405 419 374 419 neuron 0
406 323 435 323 435 367 406 367 neuron 0
381 322 410 322 410 358 381 358 neuron 0
384 297 409 297 409 332 384 332 neuron 0
354 276 382 276 382 317 354 317 neuron 0
344 266 371 266 371 310 344 310 neuron 0
442 257 468 257 468 299 442 299 neuron 0
212 444 237 444 237 480 212 480 neuron 0
470 196 499 196 499 236 470 236 neuron 0
562 245 587 245 587 284 562 284 neuron 0
558 199 592 199 592 240 558 240 neuron 0
559 161 588 161 588 203 559 203 neuron 0
519 136 547 136 547 172 519 172 neuron 0
555 62 580 62 580 106 555 106 neuron 0
618 161 640 161 640 204 618 204 neuron 0
570 529 598 529 598 567 570 567 neuron 0
560 602 586 602 586 640 560 640 neuron 0
610 489 636 489 636 520 610 520 neuron 0
623 460 640 460 640 493 623 493 neuron 0
462 571 486 571 486 612 462 612 neuron 0
431 605 456 605 456 640 431 640 neuron 0
384 596 413 596 413 635 384 635 neuron 0
365 597 393 597 393 640 365 640 neuron 0
352 576 378 576 378 615 352 615 neuron 0
343 557 368 557 368 592 343 592 neuron 0
345 539 372 539 372 572 345 572 neuron 0
311 575 336 575 336 608 311 608 neuron 0
296 560 322 560 322 596 296 596 neuron 0
311 496 340 496 340 532 311 532 neuron 0
323 447 349 447 349 481 323 481 neuron 0
225 551 251 551 251 591 225 591 neuron 0
159 589 191 589 191 631 159 631 neuron 0
20 402 51 402 51 438 20 438 neuron 0
8 384 37 384 37 419 8 419 neuron 0
47 391 77 391 77 425 47 425 neuron 0
47 375 75 375 75 403 47 403 neuron 0
83 316 112 316 112 355 83 355 neuron 0
164 201 193 201 193 236 164 236 neuron 0
129 151 160 151 160 195 129 195 neuron 0
88 136 114 136 114 173 88 173 neuron 0
71 128 97 128 97 168 71 168 neuron 0
70 103 93 103 93 139 70 139 neuron 0
10 96 37 96 37 136 10 136 neuron 0
119 61 143 61 143 99 119 99 neuron 0
101 61 128 61 128 99 101 99 neuron 0
113 39 139 39 139 71 113 71 neuron 0
122 19 149 19 149 57 122 57 neuron 0
142 18 173 18 173 54 142 54 neuron 0
69 53 95 53 95 95 69 95 neuron 0
57 31 85 31 85 68 57 68 neuron 0
59 7 87 7 87 43 59 43 neuron 0
263 267 291 267 291 305 263 305 neuron 0
312 61 340 61 340 95 312 95 neuron 0
301 45 329 45 329 80 301 80 neuron 0