561 604 586 604 586 640 561 640 neuron 0
571 533 596 533 596 568 571 568 neuron 0
609 488 633 488 633 521 609 521 neuron 0
618 463 640 463 640 499 618 499 neuron 0
463 573 485 573 485 616 463 616 neuron 0
445 584 469 584 469 627 445 627 neuron 0
430 606 456 606 456 640 430 640 neuron 0
387 600 412 600 412 633 387 633 neuron 0
364 602 392 602 392 640 364 640 neuron 0
355 579 379 579 379 616 355 616 neuron 0
336 584 363 584 363 613 336 613 neuron 0
299 593 326 593 326 635 299 635 neuron 0
278 600 299 600 299 632 278 632 neuron 0
255 580 279 580 279 612 255 612 neuron 0
240 564 263 564 263 599 240 599 neuron 0
224 554 249 554 249 594 224 594 neuron 0
311 578 335 578 335 610 311 610 neuron 0
160 595 188 595 188 631 160 631 neuron 0
121 515 148 515 148 552 121 552 neuron 0
120 498 143 498 143 526 120 526 neuron 0
112 508 131 508 131 540 112 540 neuron 0
222 471 249 471 249 501 222 501 neuron 0
296 556 322 556 322 596 296 596 neuron 0
338 563 367 563 367 591 338 591 neuron 0
345 543 371 543 371 575 345 575 neuron 0
314 546 342 546 342 582 314 582 neuron 0
310 493 339 493 339 531 310 531 neuron 0
289 536 311 536 311 576 289 576 neuron 0
292 509 316 509 316 547 292 547 neuron 0
290 489 319 489 319 523 290 523 neuron 0
321 472 344 472 344 509 321 509 neuron 0
321 449 347 449 347 483 321 483 neuron 0
308 463 330 463 330 492 308 492 neuron 0
305 479 328 479 328 505 305 505 neuron 0
294 463 315 463 315 491 294 491 neuron 0
229 445 254 445 254 480 229 480 neuron 0
215 448 238 448 238 485 215 485 neuron 0
460 542 482 542 482 574 460 574 neuron 0
385 427 413 427 413 461 385 461 neuron 0
375 387 404 387 404 423 375 423 neuron 0
359 377 393 377 393 416 359 416 neuron 0
408 325 434 325 434 367 408 367 neuron 0
381 321 409 321 409 360 381 360 neuron 0
204 375 233 375 233 413 204 413 neuron 0
256 355 281 355 281 397 256 397 neuron 0
262 342 286 342 286 374 262 374 neuron 0
176 314 209 314 209 350 176 350 neuron 0
189 287 213 287 213 323 189 323 neuron 0
304 327 329 327 329 369 304 369 neuron 0
320 338 338 338 338 370 320 370 neuron 0
319 311 338 311 338 339 319 339 neuron 0
263 267 290 267 290 307 263 307 neuron 0
260 215 283 215 283 247 260 247 neuron 0
261 159 289 159 289 201 261 201 neuron 0
254 145 274 145 274 176 254 176 neuron 0
206 149 231 149 231 188 206 188 neuron 0
195 174 221 174 221 206 195 206 neuron 0
190 151 215 151 215 188 190 188 neuron 0
82 319 110 319 110 356 82 356 neuron 0
44 393 75 393 75 428 44 428 neuron 0
43 375 76 375 76 404 43 404 neuron 0
163 203 194 203 194 239 163 239 neuron 0
129 155 156 155 156 197 129 197 neuron 0
513 442 536 442 536 486 513 486 neuron 0
540 412 559 412 559 456 540 456 neuron 0
551 345 579 345 579 391 551 391 neuron 0
442 260 469 260 469 300 442 300 neuron 0
384 302 409 302 409 334 384 334 neuron 0
373 288 393 288 393 332 373 332 neuron 0
354 281 381 281 381 320 354 320 neuron 0
342 271 372 271 372 311 342 311 neuron 0
384 244 409 244 409 297 384 297 neuron 0
231 295 262 295 262 333 231 333 neuron 0
619 272 640 272 640 324 619 324 neuron 0
559 247 589 247 589 287 559 287 neuron 0
557 201 591 201 591 243 557 243 neuron 0
560 169 588 169 588 208 560 208 neuron 0
617 166 640 166 640 206 617 206 neuron 0
582 144 606 144 606 180 582 180 neuron 0
537 158 563 158 563 194 537 194 neuron 0
521 140 546 140 546 173 521 173 neuron 0
467 200 498 200 498 240 467 240 neuron 0
392 147 418 147 418 191 392 191 neuron 0
602 367 625 367 625 413 602 413 neuron 0
20 406 47 406 47 442 20 442 neuron 0
9 388 35 388 35 421 9 421 neuron 0
19 201 48 201 48 244 19 244 neuron 0
13 196 34 196 34 227 13 227 neuron 0
2 210 26 210 26 246 2 246 neuron 0
87 139 111 139 111 175 87 175 neuron 0
70 135 94 135 94 171 70 171 neuron 0
69 104 93 104 93 144 69 144 neuron 0
47 111 74 111 74 153 47 153 neuron 0
9 101 37 101 37 139 9 139 neuron 0
554 65 579 65 579 104 554 104 neuron 0
515 77 541 77 541 116 515 116 neuron 0
516 56 544 56 544 87 516 87 neuron 0
518 35 543 35 543 65 518 65 neuron 0
494 8 524 8 524 51 494 51 neuron 0
527 5 552 5 552 44 527 44 neuron 0
311 62 339 62 339 94 311 94 neuron 0
300 47 328 47 328 79 300 79 neuron 0
270 460 299 460 299 508 270 508 neuron 0
117 63 143 63 143 100 117 100 neuron 0
98 62 125 62 125 102 98 102 neuron 0
112 40 137 40 137 72 112 72 neuron 0
121 21 148 21 148 56 121 56 neuron 0
140 21 171 21 171 56 140 56 neuron 0
69 56 95 56 95 96 69 96 neuron 0
59 33 82 33 82 72 59 72 neuron 0
58 8 85 8 85 44 58 44 neuron 0