596 587 622 587 622 627 596 627 neuron 0
537 519 565 519 565 548 537 548 neuron 0
546 496 568 496 568 529 546 529 neuron 0
547 471 570 471 570 505 547 505 neuron 0
567 396 596 396 596 436 567 436 neuron 0
565 331 595 331 595 372 565 372 neuron 0
587 319 614 319 614 359 587 359 neuron 0
572 229 604 229 604 272 572 272 neuron 0
541 167 570 167 570 204 541 204 neuron 0
572 131 595 131 595 177 572 177 neuron 0
546 89 572 89 572 131 546 131 neuron 0
597 9 623 9 623 48 597 48 neuron 0
574 59 599 59 599 104 574 104 neuron 0
502 36 528 36 528 68 502 68 neuron 0
468 433 491 433 491 468 468 468 neuron 0
461 300 486 300 486 344 461 344 neuron 0
484 252 515 252 515 292 484 292 neuron 0
400 475 428 475 428 517 400 517 neuron 0
403 423 435 423 435 460 403 460 neuron 0
416 367 446 367 446 408 416 408 neuron 0
389 339 414 339 414 387 389 387 neuron 0
374 311 401 311 401 360 374 360 neuron 0
358 588 383 588 383 625 358 625 neuron 0
327 612 352 612 352 640 327 640 neuron 0
319 589 347 589 347 627 319 627 neuron 0
304 591 327 591 327 628 304 628 neuron 0
299 562 324 562 324 606 299 606 neuron 0
341 565 369 565 369 604 341 604 neuron 0
329 552 352 552 352 585 329 585 neuron 0
328 528 352 528 352 560 328 560 neuron 0
332 507 358 507 358 541 332 541 neuron 0
301 516 325 516 325 547 301 547 neuron 0
292 499 321 499 321 532 292 532 neuron 0
238 596 264 596 264 636 238 636 neuron 0
232 518 260 518 260 550 232 550 neuron 0
240 491 266 491 266 527 240 527 neuron 0
225 492 249 492 249 531 225 531 neuron 0
231 558 254 558 254 590 231 590 neuron 0
193 551 217 551 217 583 193 583 neuron 0
138 489 165 489 165 535 138 535 neuron 0
117 488 145 488 145 536 117 536 neuron 0
32 440 63 440 63 480 32 480 neuron 0
23 421 50 421 50 460 23 460 neuron 0
3 412 32 412 32 451 3 451 neuron 0
60 437 90 437 90 471 60 471 neuron 0
62 415 89 415 89 451 62 451 neuron 0
96 356 128 356 128 399 96 399 neuron 0
218 416 246 416 246 460 218 460 neuron 0
271 401 297 401 297 443 271 443 neuron 0
327 383 353 383 353 425 327 425 neuron 0
273 371 294 371 294 412 273 412 neuron 0
248 343 276 343 276 380 248 380 neuron 0
269 352 292 352 292 379 269 379 neuron 0
271 324 299 324 299 360 271 360 neuron 0
191 355 222 355 222 395 191 395 neuron 0
203 331 229 331 229 367 203 367 neuron 0
181 243 217 243 217 280 181 280 neuron 0
144 228 172 228 172 269 144 269 neuron 0
275 259 301 259 301 291 275 291 neuron 0
146 193 175 193 175 235 146 235 neuron 0
269 228 292 228 292 261 269 261 neuron 0
280 204 309 204 309 245 280 245 neuron 0
615 427 640 427 640 476 615 476 neuron 0
439 24 470 24 470 61 439 61 neuron 0
458 1 487 1 487 44 458 44 neuron 0
327 108 356 108 356 141 327 141 neuron 0
320 85 351 85 351 119 320 119 neuron 0
218 215 247 215 247 252 218 252 neuron 0
205 222 226 222 226 254 205 254 neuron 0
211 196 237 196 237 231 211 231 neuron 0
102 175 130 175 130 216 102 216 neuron 0
83 128 111 128 111 169 83 169 neuron 0
87 97 114 97 114 140 87 140 neuron 0
118 96 146 96 146 139 118 139 neuron 0
142 89 168 89 168 127 142 127 neuron 0
155 63 185 63 185 104 155 104 neuron 0
101 78 130 78 130 114 101 114 neuron 0
76 68 103 68 103 109 76 109 neuron 0
60 47 89 47 89 88 60 88 neuron 0
62 24 89 24 89 59 62 59 neuron 0
71 9 96 9 96 44 71 44 neuron 0