147 196 176 196 176 236 147 236 neuron 0
101 173 130 173 130 215 101 215 neuron 0
87 96 116 96 116 143 87 143 neuron 0
64 141 98 141 98 192 64 192 neuron 0
75 67 104 67 104 109 75 109 neuron 0
103 75 129 75 129 115 103 115 neuron 0
144 92 171 92 171 129 144 129 neuron 0
155 60 189 60 189 105 155 105 neuron 0
135 68 164 68 164 108 135 108 neuron 0
60 43 90 43 90 84 60 84 neuron 0
39 20 68 20 68 63 39 63 neuron 0
62 15 92 15 92 53 62 53 neuron 0
184 244 215 244 215 279 184 279 neuron 0
221 218 248 218 248 254 221 254 neuron 0
211 197 238 197 238 236 211 236 neuron 0
281 205 312 205 312 247 281 247 neuron 0
484 253 519 253 519 295 484 295 neuron 0
38 227 71 227 71 269 38 269 neuron 0
95 353 129 353 129 400 95 400 neuron 0
32 443 65 443 65 479 32 479 neuron 0
23 421 52 421 52 460 23 460 neuron 0
3 412 34 412 34 451 3 451 neuron 0
140 491 166 491 166 536 140 536 neuron 0
119 488 147 488 147 537 119 537 neuron 0
60 436 93 436 93 471 60 471 neuron 0
60 409 93 409 93 448 60 448 neuron 0
191 355 222 355 222 396 191 396 neuron 0
219 416 247 416 247 459 219 459 neuron 0
248 342 276 342 276 382 248 382 neuron 0
272 399 299 399 299 441 272 441 neuron 0
232 516 262 516 262 552 232 552 neuron 0
240 487 268 487 268 527 240 527 neuron 0
226 491 250 491 250 529 226 529 neuron 0
328 102 359 102 359 142 328 142 neuron 0
457 0 488 0 488 47 457 47 neuron 0
235 589 266 589 266 636 235 636 neuron 0
398 473 427 473 427 515 398 515 neuron 0
359 590 384 590 384 626 359 626 neuron 0
342 567 371 567 371 604 342 604 neuron 0
324 548 348 548 348 585 324 585 neuron 0
335 509 359 509 359 543 335 543 neuron 0
327 610 355 610 355 640 327 640 neuron 0
318 593 347 593 347 628 318 628 neuron 0
303 592 326 592 326 627 303 627 neuron 0
298 559 324 559 324 603 298 603 neuron 0
404 425 435 425 435 460 404 460 neuron 0
402 395 428 395 428 437 402 437 neuron 0
416 370 447 370 447 406 416 406 neuron 0
327 381 355 381 355 424 327 424 neuron 0
272 325 298 325 298 364 272 364 neuron 0
388 339 414 339 414 381 388 381 neuron 0
374 308 403 308 403 355 374 355 neuron 0
544 499 566 499 566 533 544 533 neuron 0
544 471 571 471 571 509 544 509 neuron 0
567 396 597 396 597 437 567 437 neuron 0
565 331 594 331 594 373 565 373 neuron 0
587 320 613 320 613 360 587 360 neuron 0
572 232 603 232 603 275 572 275 neuron 0
542 168 572 168 572 205 542 205 neuron 0
571 133 600 133 600 176 571 176 neuron 0
545 89 575 89 575 132 545 132 neuron 0
510 61 543 61 543 104 510 104 neuron 0
400 273 430 273 430 324 400 324 neuron 0
459 301 487 301 487 344 459 344 neuron 0