552 579 583 579 583 613 552 613 neuron 0
623 508 640 508 640 545 623 545 neuron 0
520 520 544 520 544 563 520 563 neuron 0
503 524 528 524 528 559 503 559 neuron 0
490 504 512 504 512 543 490 543 neuron 0
483 553 505 553 505 587 483 587 neuron 0
559 405 584 405 584 452 559 452 neuron 0
462 421 486 421 486 452 462 452 neuron 0
582 357 603 357 603 395 582 395 neuron 0
557 350 581 350 581 386 557 386 neuron 0
446 392 475 392 475 432 446 432 neuron 0
594 279 621 279 621 316 594 316 neuron 0
564 263 589 263 589 304 564 304 neuron 0
471 284 493 284 493 315 471 315 neuron 0
480 259 501 259 501 293 480 293 neuron 0
463 262 486 262 486 294 463 294 neuron 0
523 213 549 213 549 255 523 255 neuron 0
574 96 598 96 598 136 574 136 neuron 0
553 111 577 111 577 144 553 144 neuron 0
545 84 566 84 566 120 545 120 neuron 0
531 85 552 85 552 127 531 127 neuron 0
556 59 579 59 579 92 556 92 neuron 0
577 13 602 13 602 56 577 56 neuron 0
546 20 575 20 575 64 546 64 neuron 0
514 23 544 23 544 69 514 69 neuron 0
438 28 467 28 467 72 438 72 neuron 0
379 610 407 610 407 640 379 640 neuron 0
356 596 380 596 380 629 356 629 neuron 0
368 581 393 581 393 612 368 612 neuron 0
382 592 412 592 412 624 382 624 neuron 0
340 584 364 584 364 617 340 617 neuron 0
361 560 389 560 389 595 361 595 neuron 0
314 556 341 556 341 585 314 585 neuron 0
340 545 365 545 365 575 340 575 neuron 0
304 526 328 526 328 566 304 566 neuron 0
348 508 371 508 371 545 348 545 neuron 0
346 485 371 485 371 520 346 520 neuron 0
331 491 354 491 354 524 331 524 neuron 0
316 491 338 491 338 525 316 525 neuron 0
321 519 345 519 345 549 321 549 neuron 0
298 489 319 489 319 520 298 520 neuron 0
287 482 310 482 310 506 287 506 neuron 0
288 423 312 423 312 464 288 464 neuron 0
262 583 286 583 286 616 262 616 neuron 0
246 576 271 576 271 608 246 608 neuron 0
242 495 267 495 267 528 242 528 neuron 0
251 476 273 476 273 508 251 508 neuron 0
238 474 259 474 259 506 238 506 neuron 0
275 357 297 357 297 391 275 391 neuron 0
281 337 304 337 304 372 281 372 neuron 0
257 316 281 316 281 352 257 352 neuron 0
339 346 363 346 363 386 339 386 neuron 0
418 348 443 348 443 385 418 385 neuron 0
393 333 420 333 420 368 393 368 neuron 0
409 322 430 322 430 358 409 358 neuron 0
399 307 417 307 417 344 399 344 neuron 0
387 304 407 304 407 343 387 343 neuron 0
374 310 395 310 395 346 374 346 neuron 0
364 291 391 291 391 329 364 329 neuron 0
286 183 312 183 312 220 286 220 neuron 0
125 461 154 461 154 508 125 508 neuron 0
225 398 252 398 252 434 225 434 neuron 0
195 335 222 335 222 375 195 375 neuron 0
211 312 238 312 238 347 211 347 neuron 0
94 585 116 585 116 616 94 616 neuron 0
68 421 99 421 99 452 68 452 neuron 0
69 400 98 400 98 433 69 433 neuron 0
105 342 135 342 135 382 105 382 neuron 0
206 248 237 248 237 283 206 283 neuron 0
276 264 303 264 303 305 276 305 neuron 0
193 221 221 221 221 259 193 259 neuron 0
189 209 214 209 214 239 189 239 neuron 0
204 188 228 188 228 225 204 225 neuron 0
220 196 240 196 240 225 220 225 neuron 0
151 180 179 180 179 216 151 216 neuron 0
324 78 352 78 352 118 324 118 neuron 0
330 63 358 63 358 99 330 99 neuron 0
85 120 111 120 111 156 85 156 neuron 0
108 107 135 107 135 141 108 141 neuron 0
92 82 118 82 118 126 92 126 neuron 0
82 56 107 56 107 95 82 95 neuron 0
74 32 101 32 101 65 74 65 neuron 0
107 66 140 66 140 102 107 102 neuron 0
131 88 159 88 159 124 131 124 neuron 0
151 58 179 58 179 90 151 90 neuron 0
46 214 75 214 75 250 46 250 neuron 0
408 440 435 440 435 480 408 480 neuron 0
10 484 37 484 37 527 10 527 neuron 0
40 430 70 430 70 466 40 466 neuron 0
25 404 51 404 51 441 25 441 neuron 0
5 405 30 405 30 440 5 440 neuron 0
13 234 44 234 44 270 13 270 neuron 0
19 216 48 216 48 247 19 247 neuron 0
409 260 433 260 433 299 409 299 neuron 0