69 606 93 606 93 635 69 635 neuron 0
122 609 143 609 143 640 122 640 neuron 0
95 563 121 563 121 600 95 600 neuron 0
24 541 48 541 48 576 24 576 neuron 0
33 572 57 572 57 602 33 602 neuron 0
5 483 29 483 29 518 5 518 neuron 0
93 531 117 531 117 561 93 561 neuron 0
95 507 117 507 117 541 95 541 neuron 0
120 421 142 421 142 452 120 452 neuron 0
139 399 162 399 162 428 139 428 neuron 0
114 556 133 556 133 584 114 584 neuron 0
28 303 52 303 52 334 28 334 neuron 0
206 332 228 332 228 361 206 361 neuron 0
213 368 236 368 236 397 213 397 neuron 0
228 365 250 365 250 394 228 394 neuron 0
273 596 295 596 295 626 273 626 neuron 0
255 607 277 607 277 638 255 638 neuron 0
348 329 370 329 370 360 348 360 neuron 0
412 582 434 582 434 612 412 612 neuron 0
448 586 469 586 469 618 448 618 neuron 0
589 596 613 596 613 624 589 624 neuron 0
428 479 451 479 451 510 428 510 neuron 0
422 461 443 461 443 495 422 495 neuron 0
413 430 437 430 437 468 413 468 neuron 0
432 392 455 392 455 422 432 422 neuron 0
414 399 438 399 438 430 414 430 neuron 0
441 344 463 344 463 376 441 376 neuron 0
503 430 527 430 527 460 503 460 neuron 0
519 504 540 504 540 539 519 539 neuron 0
532 503 551 503 551 538 532 538 neuron 0
558 505 580 505 580 536 558 536 neuron 0
564 426 588 426 588 458 564 458 neuron 0
569 393 589 393 589 424 569 424 neuron 0
564 367 585 367 585 396 564 396 neuron 0
557 350 581 350 581 379 557 379 neuron 0
534 358 558 358 558 392 534 392 neuron 0
504 314 528 314 528 346 504 346 neuron 0
618 398 640 398 640 430 618 430 neuron 0
599 295 623 295 623 325 599 325 neuron 0
610 300 631 300 631 334 610 334 neuron 0
582 263 605 263 605 294 582 294 neuron 0
605 263 628 263 628 290 605 290 neuron 0
607 246 630 246 630 272 607 272 neuron 0
480 446 502 446 502 475 480 475 neuron 0
488 434 512 434 512 465 488 465 neuron 0
589 34 613 34 613 63 589 63 neuron 0
564 47 586 47 586 75 564 75 neuron 0
608 104 629 104 629 134 608 134 neuron 0
599 198 623 198 623 231 599 231 neuron 0
606 179 628 179 628 210 606 210 neuron 0
258 191 280 191 280 227 258 227 neuron 0
212 161 234 161 234 192 212 192 neuron 0
188 87 214 87 214 117 188 117 neuron 0
302 77 323 77 323 106 302 106 neuron 0
308 97 332 97 332 129 308 129 neuron 0
325 75 347 75 347 107 325 107 neuron 0