16 390 37 390 37 421 16 421 neuron 0
88 349 112 349 112 383 88 383 neuron 0
128 383 149 383 149 417 128 417 neuron 0
132 281 156 281 156 319 132 319 neuron 0
142 529 166 529 166 559 142 559 neuron 0
139 508 161 508 161 537 139 537 neuron 0
156 557 180 557 180 590 156 590 neuron 0
203 494 228 494 228 530 203 530 neuron 0
304 612 327 612 327 640 304 640 neuron 0
353 305 375 305 375 339 353 339 neuron 0
423 382 449 382 449 416 423 416 neuron 0
450 573 473 573 473 604 450 604 neuron 0
439 563 463 563 463 591 439 591 neuron 0
342 406 368 406 368 441 342 441 neuron 0
309 389 333 389 333 422 309 422 neuron 0
380 418 401 418 401 452 380 452 neuron 0
381 369 410 369 410 402 381 402 neuron 0
594 413 618 413 618 450 594 450 neuron 0
615 409 637 409 637 441 615 441 neuron 0
591 367 614 367 614 400 591 400 neuron 0
573 338 598 338 598 372 573 372 neuron 0
554 330 579 330 579 362 554 362 neuron 0
556 351 580 351 580 379 556 379 neuron 0
616 229 640 229 640 261 616 261 neuron 0
608 220 631 220 631 246 608 246 neuron 0
593 211 618 211 618 241 593 241 neuron 0
594 193 619 193 619 220 594 220 neuron 0
612 187 636 187 636 220 612 220 neuron 0
415 41 440 41 440 76 415 76 neuron 0
552 103 572 103 572 135 552 135 neuron 0
566 100 590 100 590 131 566 131 neuron 0
582 101 600 101 600 130 582 130 neuron 0
558 64 578 64 578 95 558 95 neuron 0
543 55 567 55 567 87 543 87 neuron 0
246 123 269 123 269 155 246 155 neuron 0
263 118 283 118 283 150 263 150 neuron 0
79 143 103 143 103 177 79 177 neuron 0
77 90 103 90 103 122 77 122 neuron 0
78 78 105 78 105 102 78 102 neuron 0
0 111 22 111 22 146 0 146 neuron 0
5 105 29 105 29 136 5 136 neuron 0
19 137 44 137 44 169 19 169 neuron 0