32 598 53 598 53 631 32 631 neuron 0
20 548 39 548 39 582 20 582 neuron 0
56 503 82 503 82 530 56 530 neuron 0
67 484 90 484 90 516 67 516 neuron 0
117 506 141 506 141 532 117 532 neuron 0
111 399 133 399 133 431 111 431 neuron 0
75 329 100 329 100 360 75 360 neuron 0
18 293 43 293 43 328 18 328 neuron 0
0 261 18 261 18 291 0 291 neuron 0
149 382 172 382 172 417 149 417 neuron 0
183 429 206 429 206 460 183 460 neuron 0
226 494 247 494 247 524 226 524 neuron 0
244 516 269 516 269 550 244 550 neuron 0
284 497 306 497 306 526 284 526 neuron 0
318 480 342 480 342 511 318 511 neuron 0
292 581 312 581 312 608 292 608 neuron 0
295 606 317 606 317 636 295 636 neuron 0
124 234 147 234 147 264 124 264 neuron 0
134 254 156 254 156 286 134 286 neuron 0
146 260 167 260 167 292 146 292 neuron 0
152 206 175 206 175 237 152 237 neuron 0
168 204 194 204 194 234 168 234 neuron 0
184 233 207 233 207 265 184 265 neuron 0
186 251 213 251 213 280 186 280 neuron 0
200 236 222 236 222 267 200 267 neuron 0
211 228 234 228 234 259 211 259 neuron 0
206 249 231 249 231 278 206 278 neuron 0
325 287 348 287 348 320 325 320 neuron 0
392 508 418 508 418 536 392 536 neuron 0
458 559 482 559 482 592 458 592 neuron 0
478 600 498 600 498 632 478 632 neuron 0
469 597 488 597 488 629 469 629 neuron 0
466 494 489 494 489 526 466 526 neuron 0
480 484 505 484 505 515 480 515 neuron 0
479 506 500 506 500 530 479 530 neuron 0
509 499 534 499 534 529 509 529 neuron 0
482 448 505 448 505 478 482 478 neuron 0
532 461 553 461 553 492 532 492 neuron 0
506 413 530 413 530 444 506 444 neuron 0
586 418 610 418 610 448 586 448 neuron 0
537 384 563 384 563 416 537 416 neuron 0
545 355 568 355 568 385 545 385 neuron 0
593 337 616 337 616 366 593 366 neuron 0
578 276 602 276 602 306 578 306 neuron 0
511 288 532 288 532 319 511 319 neuron 0
487 281 511 281 511 311 487 311 neuron 0
489 363 514 363 514 397 489 397 neuron 0
459 374 489 374 489 404 459 404 neuron 0
461 356 487 356 487 382 461 382 neuron 0
434 357 458 357 458 386 434 386 neuron 0
406 357 429 357 429 386 406 386 neuron 0
391 295 416 295 416 329 391 329 neuron 0
404 287 429 287 429 315 404 315 neuron 0
443 270 466 270 466 303 443 303 neuron 0
454 240 476 240 476 273 454 273 neuron 0
460 221 484 221 484 256 460 256 neuron 0
466 194 487 194 487 224 466 224 neuron 0
483 150 505 150 505 181 483 181 neuron 0
406 300 415 300 415 312 406 312 neuron 0
407 301 416 301 416 313 407 313 neuron 0
359 307 384 307 384 339 359 339 neuron 0
353 292 374 292 374 322 353 322 neuron 0
370 293 389 293 389 324 370 324 neuron 0
343 277 365 277 365 307 343 307 neuron 0
346 246 366 246 366 275 346 275 neuron 0
360 246 380 246 380 275 360 275 neuron 0
335 249 359 249 359 283 335 283 neuron 0
329 243 350 243 350 271 329 271 neuron 0
347 230 364 230 364 252 347 252 neuron 0
348 210 367 210 367 241 348 241 neuron 0
376 214 392 214 392 246 376 246 neuron 0
371 196 391 196 391 224 371 224 neuron 0
377 185 395 185 395 213 377 213 neuron 0
364 179 385 179 385 209 364 209 neuron 0
356 163 378 163 378 198 356 198 neuron 0
337 129 358 129 358 157 337 157 neuron 0
345 153 368 153 368 184 345 184 neuron 0
444 32 468 32 468 61 444 61 neuron 0
483 8 504 8 504 40 483 40 neuron 0
507 81 530 81 530 112 507 112 neuron 0
515 94 540 94 540 125 515 125 neuron 0
554 2 577 2 577 32 554 32 neuron 0
577 14 598 14 598 43 577 43 neuron 0
583 0 605 0 605 26 583 26 neuron 0
337 148 358 148 358 176 337 176 neuron 0
305 53 327 53 327 84 305 84 neuron 0
291 41 313 41 313 73 291 73 neuron 0
273 24 297 24 297 54 273 54 neuron 0
101 0 126 0 126 26 101 26 neuron 0
127 6 149 6 149 38 127 38 neuron 0