15 525 38 525 38 559 15 559 neuron 0
56 513 80 513 80 555 56 555 neuron 0
101 525 123 525 123 554 101 554 neuron 0
93 509 120 509 120 540 93 540 neuron 0
68 549 91 549 91 580 68 580 neuron 0
51 553 74 553 74 579 51 579 neuron 0
51 568 75 568 75 596 51 596 neuron 0
109 594 134 594 134 624 109 624 neuron 0
132 463 156 463 156 497 132 497 neuron 0
1 431 25 431 25 461 1 461 neuron 0
69 360 95 360 95 392 69 392 neuron 0
24 204 51 204 51 238 24 238 neuron 0
200 490 224 490 224 518 200 518 neuron 0
273 559 295 559 295 592 273 592 neuron 0
284 547 305 547 305 579 284 579 neuron 0
306 598 326 598 326 628 306 628 neuron 0
319 511 345 511 345 540 319 540 neuron 0
210 285 232 285 232 317 210 317 neuron 0
203 274 225 274 225 303 203 303 neuron 0
199 250 223 250 223 283 199 283 neuron 0
185 224 207 224 207 258 185 258 neuron 0
163 198 191 198 191 233 163 233 neuron 0
313 284 334 284 334 319 313 319 neuron 0
324 276 347 276 347 306 324 306 neuron 0
325 252 344 252 344 282 325 282 neuron 0
316 231 338 231 338 259 316 259 neuron 0
306 477 328 477 328 508 306 508 neuron 0
291 406 314 406 314 436 291 436 neuron 0
310 389 332 389 332 418 310 418 neuron 0
331 400 354 400 354 430 331 430 neuron 0
355 394 383 394 383 424 355 424 neuron 0
340 488 362 488 362 518 340 518 neuron 0
354 489 378 489 378 519 354 519 neuron 0
391 509 416 509 416 540 391 540 neuron 0
406 472 430 472 430 502 406 502 neuron 0
457 520 482 520 482 548 457 548 neuron 0
452 600 478 600 478 628 452 628 neuron 0
451 504 475 504 475 534 451 534 neuron 0
507 554 528 554 528 586 507 586 neuron 0
409 403 433 403 433 434 409 434 neuron 0
435 412 460 412 460 442 435 442 neuron 0
345 470 370 470 370 499 345 499 neuron 0
357 456 378 456 378 485 357 485 neuron 0
343 454 365 454 365 483 343 483 neuron 0
521 566 546 566 546 594 521 594 neuron 0
544 566 569 566 569 597 544 597 neuron 0
593 568 618 568 618 599 593 599 neuron 0
606 541 629 541 629 569 606 569 neuron 0
620 473 640 473 640 507 620 507 neuron 0
603 526 627 526 627 551 603 551 neuron 0
434 396 457 396 457 422 434 422 neuron 0
459 398 483 398 483 426 459 426 neuron 0
453 386 474 386 474 411 453 411 neuron 0
457 369 481 369 481 394 457 394 neuron 0
503 361 525 361 525 393 503 393 neuron 0
491 350 514 350 514 379 491 379 neuron 0
483 340 507 340 507 368 483 368 neuron 0
467 382 487 382 487 407 467 407 neuron 0
536 347 559 347 559 379 536 379 neuron 0
560 299 584 299 584 329 560 329 neuron 0
468 268 489 268 489 301 468 301 neuron 0
437 243 461 243 461 274 437 274 neuron 0
388 234 415 234 415 268 388 268 neuron 0
542 175 566 175 566 206 542 206 neuron 0
593 155 616 155 616 186 593 186 neuron 0
617 195 640 195 640 226 617 226 neuron 0
594 48 618 48 618 79 594 79 neuron 0
481 129 504 129 504 160 481 160 neuron 0
466 176 490 176 490 205 466 205 neuron 0
454 74 479 74 479 108 454 108 neuron 0
403 49 426 49 426 75 403 75 neuron 0
414 38 435 38 435 67 414 67 neuron 0
273 345 298 345 298 375 273 375 neuron 0
248 205 268 205 268 231 248 231 neuron 0
253 182 272 182 272 212 253 212 neuron 0
252 160 271 160 271 191 252 191 neuron 0
225 92 244 92 244 120 225 120 neuron 0
262 67 286 67 286 98 262 98 neuron 0
243 106 265 106 265 140 243 140 neuron 0
255 28 280 28 280 59 255 59 neuron 0
269 13 290 13 290 44 269 44 neuron 0
255 0 279 0 279 24 255 24 neuron 0
247 13 269 13 269 45 247 45 neuron 0
315 161 339 161 339 196 315 196 neuron 0
321 110 342 110 342 144 321 144 neuron 0
308 83 334 83 334 114 308 114 neuron 0
259 13 268 13 268 25 259 25 neuron 0
81 147 103 147 103 181 81 181 neuron 0
0 44 26 44 26 78 0 78 neuron 0