23 544 45 544 45 583 23 583 neuron 0
43 535 66 535 66 571 43 571 neuron 0
59 537 89 537 89 572 59 572 neuron 0
48 379 71 379 71 417 48 417 neuron 0
57 213 80 213 80 248 57 248 neuron 0
59 239 79 239 79 269 59 269 neuron 0
71 268 94 268 94 304 71 304 neuron 0
71 207 93 207 93 237 71 237 neuron 0
83 191 105 191 105 225 83 225 neuron 0
100 196 127 196 127 232 100 232 neuron 0
125 205 149 205 149 239 125 239 neuron 0
59 187 79 187 79 213 59 213 neuron 0
73 233 91 233 91 259 73 259 neuron 0
145 207 164 207 164 235 145 235 neuron 0
156 204 175 204 175 231 156 231 neuron 0
198 208 220 208 220 239 198 239 neuron 0
47 563 67 563 67 588 47 588 neuron 0
219 210 245 210 245 242 219 242 neuron 0
223 241 242 241 242 268 223 268 neuron 0
237 245 263 245 263 276 237 276 neuron 0
235 220 261 220 261 251 235 251 neuron 0
250 235 266 235 266 259 250 259 neuron 0
259 232 274 232 274 251 259 251 neuron 0
254 211 277 211 277 243 254 243 neuron 0
268 222 291 222 291 254 268 254 neuron 0
259 244 279 244 279 269 259 269 neuron 0
273 246 293 246 293 274 273 274 neuron 0
273 268 293 268 293 295 273 295 neuron 0
259 267 276 267 276 295 259 295 neuron 0
243 263 267 263 267 293 243 293 neuron 0
329 260 349 260 349 288 329 288 neuron 0
403 213 425 213 425 248 403 248 neuron 0
398 242 419 242 419 274 398 274 neuron 0
369 292 395 292 395 332 369 332 neuron 0
387 261 411 261 411 295 387 295 neuron 0
408 279 431 279 431 316 408 316 neuron 0
400 302 418 302 418 330 400 330 neuron 0
372 356 393 356 393 389 372 389 neuron 0
380 375 402 375 402 405 380 405 neuron 0
402 417 423 417 423 452 402 452 neuron 0
434 384 459 384 459 417 434 417 neuron 0
349 343 381 343 381 389 349 389 neuron 0
377 473 401 473 401 508 377 508 neuron 0
380 451 400 451 400 484 380 484 neuron 0
389 448 414 448 414 483 389 483 neuron 0
393 472 415 472 415 507 393 507 neuron 0
376 517 398 517 398 555 376 555 neuron 0
399 569 423 569 423 607 399 607 neuron 0
407 495 429 495 429 527 407 527 neuron 0
419 560 437 560 437 589 419 589 neuron 0
432 565 448 565 448 591 432 591 neuron 0
427 539 447 539 447 576 427 576 neuron 0
439 542 459 542 459 578 439 578 neuron 0
429 496 449 496 449 528 429 528 neuron 0
435 478 460 478 460 518 435 518 neuron 0
445 501 468 501 468 532 445 532 neuron 0
431 448 453 448 453 484 431 484 neuron 0
451 458 473 458 473 494 451 494 neuron 0
459 489 483 489 483 523 459 523 neuron 0
466 464 486 464 486 492 466 492 neuron 0
474 491 495 491 495 523 474 523 neuron 0
485 463 508 463 508 493 485 493 neuron 0
488 482 508 482 508 518 488 518 neuron 0
494 501 515 501 515 536 494 536 neuron 0
505 488 526 488 526 519 505 519 neuron 0
508 473 534 473 534 503 508 503 neuron 0
525 501 544 501 544 531 525 531 neuron 0
589 451 612 451 612 489 589 489 neuron 0
517 433 541 433 541 468 517 468 neuron 0
475 402 493 402 493 430 475 430 neuron 0
474 377 490 377 490 404 474 404 neuron 0
472 235 489 235 489 259 472 259 neuron 0
588 234 610 234 610 270 588 270 neuron 0
601 224 624 224 624 259 601 259 neuron 0
622 239 639 239 639 265 622 265 neuron 0
525 259 542 259 542 284 525 284 neuron 0
512 276 534 276 534 312 512 312 neuron 0
506 291 528 291 528 325 506 325 neuron 0
493 296 517 296 517 331 493 331 neuron 0
476 316 501 316 501 353 476 353 neuron 0
492 348 516 348 516 387 492 387 neuron 0
487 334 509 334 509 366 487 366 neuron 0
534 348 555 348 555 375 534 375 neuron 0
554 343 574 343 574 379 554 379 neuron 0
564 324 586 324 586 359 564 359 neuron 0
576 284 598 284 598 320 576 320 neuron 0
568 351 586 351 586 380 568 380 neuron 0
368 36 390 36 390 75 368 75 neuron 0
432 84 454 84 454 121 432 121 neuron 0
617 26 640 26 640 66 617 66 neuron 0
598 137 623 137 623 180 598 180 neuron 0
363 124 386 124 386 159 363 159 neuron 0
359 81 382 81 382 119 359 119 neuron 0
371 91 395 91 395 127 371 127 neuron 0
371 113 391 113 391 140 371 140 neuron 0
355 112 376 112 376 137 355 137 neuron 0
106 161 130 161 130 199 106 199 neuron 0
124 164 144 164 144 193 124 193 neuron 0
139 163 164 163 164 196 139 196 neuron 0
156 177 176 177 176 203 156 203 neuron 0
60 73 83 73 83 112 60 112 neuron 0
82 107 100 107 100 136 82 136 neuron 0
118 13 145 13 145 51 118 51 neuron 0
107 6 128 6 128 38 107 38 neuron 0