12 584 31 584 31 612 12 612 neuron 0
19 604 37 604 37 633 19 633 neuron 0
27 559 49 559 49 591 27 591 neuron 0
35 540 53 540 53 576 35 576 neuron 0
37 510 60 510 60 542 37 542 neuron 0
52 530 73 530 73 554 52 554 neuron 0
51 548 69 548 69 579 51 579 neuron 0
66 544 86 544 86 572 66 572 neuron 0
52 612 72 612 72 640 52 640 neuron 0
38 449 58 449 58 479 38 479 neuron 0
45 428 66 428 66 455 45 455 neuron 0
53 453 71 453 71 484 53 484 neuron 0
63 480 81 480 81 509 63 509 neuron 0
51 484 68 484 68 507 51 507 neuron 0
70 452 94 452 94 484 70 484 neuron 0
69 490 94 490 94 534 69 534 neuron 0
91 288 110 288 110 316 91 316 neuron 0
104 327 121 327 121 356 104 356 neuron 0
140 347 157 347 157 375 140 375 neuron 0
115 386 135 386 135 414 115 414 neuron 0
93 391 113 391 113 420 93 420 neuron 0
158 503 177 503 177 529 158 529 neuron 0
175 505 194 505 194 531 175 531 neuron 0
154 585 178 585 178 620 154 620 neuron 0
189 587 213 587 213 615 189 615 neuron 0
100 188 117 188 117 215 100 215 neuron 0
174 191 201 191 201 225 174 225 neuron 0
193 200 211 200 211 223 193 223 neuron 0
179 212 205 212 205 251 179 251 neuron 0
247 226 265 226 265 254 247 254 neuron 0
271 217 299 217 299 255 271 255 neuron 0
290 284 315 284 315 317 290 317 neuron 0
307 283 326 283 326 312 307 312 neuron 0
337 340 357 340 357 372 337 372 neuron 0
337 193 355 193 355 220 337 220 neuron 0
448 311 473 311 473 347 448 347 neuron 0
463 299 483 299 483 328 463 328 neuron 0
289 503 313 503 313 536 289 536 neuron 0
305 475 323 475 323 501 305 501 neuron 0
308 498 325 498 325 522 308 522 neuron 0
331 506 349 506 349 530 331 530 neuron 0
334 524 353 524 353 552 334 552 neuron 0
339 417 357 417 357 443 339 443 neuron 0
376 445 396 445 396 471 376 471 neuron 0
355 599 374 599 374 629 355 629 neuron 0
359 575 380 575 380 604 359 604 neuron 0
395 519 416 519 416 548 395 548 neuron 0
391 460 409 460 409 488 391 488 neuron 0
407 463 425 463 425 489 407 489 neuron 0
417 479 436 479 436 511 417 511 neuron 0
557 335 578 335 578 367 557 367 neuron 0
598 376 615 376 615 403 598 403 neuron 0
577 560 600 560 600 589 577 589 neuron 0
495 224 513 224 513 252 495 252 neuron 0
505 204 524 204 524 233 505 233 neuron 0
506 187 525 187 525 213 506 213 neuron 0
494 176 514 176 514 205 494 205 neuron 0
520 206 539 206 539 234 520 234 neuron 0
341 173 358 173 358 203 341 203 neuron 0
331 175 349 175 349 203 331 203 neuron 0
397 20 416 20 416 47 397 47 neuron 0
409 8 427 8 427 40 409 40 neuron 0
402 35 420 35 420 60 402 60 neuron 0
412 33 430 33 430 60 412 60 neuron 0
419 16 441 16 441 55 419 55 neuron 0
576 64 597 64 597 91 576 91 neuron 0
456 122 477 122 477 154 456 154 neuron 0
469 120 494 120 494 156 469 156 neuron 0
313 148 331 148 331 173 313 173 neuron 0
161 80 180 80 180 108 161 108 neuron 0
173 73 193 73 193 104 173 104 neuron 0
175 96 193 96 193 121 175 121 neuron 0
169 112 186 112 186 139 169 139 neuron 0
186 107 203 107 203 136 186 136 neuron 0
195 79 214 79 214 105 195 105 neuron 0
197 64 216 64 216 87 197 87 neuron 0
202 47 220 47 220 73 202 73 neuron 0
206 76 224 76 224 103 206 103 neuron 0
204 92 220 92 220 119 204 119 neuron 0
213 96 229 96 229 127 213 127 neuron 0
208 118 227 118 227 142 208 142 neuron 0
197 117 215 117 215 143 197 143 neuron 0
187 129 207 129 207 156 187 156 neuron 0
185 146 203 146 203 178 185 178 neuron 0
171 140 190 140 190 167 171 167 neuron 0
177 159 195 159 195 183 177 183 neuron 0
195 144 213 144 213 171 195 171 neuron 0
209 132 225 132 225 160 209 160 neuron 0
212 150 235 150 235 178 212 178 neuron 0
222 180 241 180 241 205 222 205 neuron 0
229 137 246 137 246 164 229 164 neuron 0
239 138 260 138 260 162 239 162 neuron 0
241 152 259 152 259 177 241 177 neuron 0
242 169 261 169 261 196 242 196 neuron 0
254 141 274 141 274 164 254 164 neuron 0
268 139 289 139 289 167 268 167 neuron 0
277 127 299 127 299 159 277 159 neuron 0
264 156 283 156 283 181 264 181 neuron 0
278 151 296 151 296 180 278 180 neuron 0