19 276 41 276 41 303 19 303 neuron 0
13 185 37 185 37 219 13 219 neuron 0
30 195 51 195 51 224 30 224 neuron 0
46 215 65 215 65 241 46 241 neuron 0
53 240 73 240 73 279 53 279 neuron 0
57 267 76 267 76 299 57 299 neuron 0
65 257 84 257 84 291 65 291 neuron 0
79 308 101 308 101 345 79 345 neuron 0
105 412 125 412 125 449 105 449 neuron 0
131 408 153 408 153 441 131 441 neuron 0
155 386 177 386 177 418 155 418 neuron 0
178 385 201 385 201 420 178 420 neuron 0
187 351 209 351 209 387 187 387 neuron 0
185 316 207 316 207 345 185 345 neuron 0
169 304 186 304 186 329 169 329 neuron 0
103 464 123 464 123 491 103 491 neuron 0
105 490 128 490 128 522 105 522 neuron 0
109 521 128 521 128 548 109 548 neuron 0
129 453 148 453 148 484 129 484 neuron 0
138 491 155 491 155 517 138 517 neuron 0
158 507 179 507 179 539 158 539 neuron 0
153 532 176 532 176 564 153 564 neuron 0
146 568 168 568 168 603 146 603 neuron 0
186 535 211 535 211 567 186 567 neuron 0
192 516 216 516 216 547 192 547 neuron 0
225 371 244 371 244 399 225 399 neuron 0
255 280 281 280 281 317 255 317 neuron 0
264 215 287 215 287 251 264 251 neuron 0
276 235 293 235 293 260 276 260 neuron 0
265 363 283 363 283 392 265 392 neuron 0
273 383 298 383 298 417 273 417 neuron 0
325 265 346 265 346 295 325 295 neuron 0
295 328 313 328 313 355 295 355 neuron 0
297 351 315 351 315 377 297 377 neuron 0
305 331 327 331 327 365 305 365 neuron 0
320 323 342 323 342 353 320 353 neuron 0
323 295 351 295 351 336 323 336 neuron 0
317 386 339 386 339 422 317 422 neuron 0
305 368 323 368 323 396 305 396 neuron 0
313 415 332 415 332 448 313 448 neuron 0
335 452 359 452 359 491 335 491 neuron 0
327 551 349 551 349 591 327 591 neuron 0
357 507 375 507 375 536 357 536 neuron 0
357 527 377 527 377 553 357 553 neuron 0
351 543 373 543 373 569 351 569 neuron 0
369 559 389 559 389 583 369 583 neuron 0
394 562 414 562 414 590 394 590 neuron 0
401 587 421 587 421 616 401 616 neuron 0
353 400 379 400 379 433 353 433 neuron 0
390 413 412 413 412 447 390 447 neuron 0
385 356 407 356 407 389 385 389 neuron 0
398 356 421 356 421 388 398 388 neuron 0
399 377 420 377 420 412 399 412 neuron 0
412 375 433 375 433 407 412 407 neuron 0
414 396 431 396 431 423 414 423 neuron 0
453 333 475 333 475 367 453 367 neuron 0
488 457 514 457 514 488 488 488 neuron 0
501 439 524 439 524 473 501 473 neuron 0
535 300 558 300 558 335 535 335 neuron 0
540 351 560 351 560 380 540 380 neuron 0
560 372 584 372 584 405 560 405 neuron 0
584 425 608 425 608 460 584 460 neuron 0
572 416 590 416 590 444 572 444 neuron 0
597 419 616 419 616 443 597 443 neuron 0
604 429 624 429 624 455 604 455 neuron 0
599 447 615 447 615 475 599 475 neuron 0
594 475 617 475 617 512 594 512 neuron 0
591 503 610 503 610 528 591 528 neuron 0
566 579 592 579 592 615 566 615 neuron 0
556 602 579 602 579 638 556 638 neuron 0
551 303 570 303 570 327 551 327 neuron 0
199 103 217 103 217 129 199 129 neuron 0
206 148 224 148 224 173 206 173 neuron 0
260 157 279 157 279 187 260 187 neuron 0
253 187 270 187 270 213 253 213 neuron 0
264 181 281 181 281 208 264 208 neuron 0
278 177 299 177 299 207 278 207 neuron 0
300 102 318 102 318 138 300 138 neuron 0
377 9 394 9 394 35 377 35 neuron 0
387 15 407 15 407 43 387 43 neuron 0
382 27 400 27 400 53 382 53 neuron 0
392 32 412 32 412 59 392 59 neuron 0
407 33 425 33 425 60 407 60 neuron 0
416 3 432 3 432 29 416 29 neuron 0
412 19 432 19 432 51 412 51 neuron 0
418 37 439 37 439 72 418 72 neuron 0
396 83 416 83 416 119 396 119 neuron 0
408 81 431 81 431 115 408 115 neuron 0
527 32 545 32 545 57 527 57 neuron 0
562 19 589 19 589 51 562 51 neuron 0
494 56 523 56 523 96 494 96 neuron 0
521 91 545 91 545 129 521 129 neuron 0
544 127 564 127 564 155 544 155 neuron 0
563 139 582 139 582 167 563 167 neuron 0
441 128 459 128 459 157 441 157 neuron 0
419 136 446 136 446 173 419 173 neuron 0
414 155 438 155 438 192 414 192 neuron 0
460 176 481 176 481 208 460 208 neuron 0
505 176 526 176 526 203 505 203 neuron 0
82 56 106 56 106 97 82 97 neuron 0
136 117 154 117 154 143 136 143 neuron 0
22 135 41 135 41 161 22 161 neuron 0
18 109 38 109 38 140 18 140 neuron 0
25 159 48 159 48 197 25 197 neuron 0
508 371 528 371 528 403 508 403 neuron 0