9 495 31 495 31 528 9 528 neuron 0
3 461 20 461 20 488 3 488 neuron 0
19 474 37 474 37 502 19 502 neuron 0
26 513 45 513 45 540 26 540 neuron 0
40 582 62 582 62 614 40 614 neuron 0
46 611 64 611 64 637 46 637 neuron 0
44 324 65 324 65 356 44 356 neuron 0
56 315 75 315 75 344 56 344 neuron 0
60 297 77 297 77 323 60 323 neuron 0
71 306 90 306 90 338 71 338 neuron 0
31 217 54 217 54 247 31 247 neuron 0
183 428 202 428 202 456 183 456 neuron 0
220 390 241 390 241 426 220 426 neuron 0
236 395 255 395 255 425 236 425 neuron 0
229 412 246 412 246 436 229 436 neuron 0
232 347 253 347 253 379 232 379 neuron 0
250 393 277 393 277 435 250 435 neuron 0
274 438 298 438 298 474 274 474 neuron 0
266 288 286 288 286 324 266 324 neuron 0
259 324 276 324 276 352 259 352 neuron 0
276 311 295 311 295 340 276 340 neuron 0
287 320 306 320 306 349 287 349 neuron 0
291 295 308 295 308 321 291 321 neuron 0
281 342 300 342 300 378 281 378 neuron 0
294 340 313 340 313 369 294 369 neuron 0
297 372 317 372 317 400 297 400 neuron 0
290 404 306 404 306 431 290 431 neuron 0
284 474 301 474 301 502 284 502 neuron 0
274 532 296 532 296 567 274 567 neuron 0
244 568 265 568 265 595 244 595 neuron 0
237 584 256 584 256 613 237 613 neuron 0
228 596 246 596 246 625 228 625 neuron 0
286 533 297 533 297 552 286 552 neuron 0
288 528 310 528 310 555 288 555 neuron 0
298 479 322 479 322 513 298 513 neuron 0
305 528 328 528 328 555 305 555 neuron 0
321 460 340 460 340 485 321 485 neuron 0
334 430 352 430 352 458 334 458 neuron 0
348 423 368 423 368 455 348 455 neuron 0
236 197 254 197 254 228 236 228 neuron 0
264 193 283 193 283 220 264 220 neuron 0
265 211 280 211 280 237 265 237 neuron 0
276 225 293 225 293 255 276 255 neuron 0
336 307 354 307 354 332 336 332 neuron 0
314 316 343 316 343 349 314 349 neuron 0
362 576 380 576 380 604 362 604 neuron 0
348 597 367 597 367 627 348 627 neuron 0
372 604 390 604 390 631 372 631 neuron 0
395 605 413 605 413 632 395 632 neuron 0
405 600 426 600 426 625 405 625 neuron 0
418 591 436 591 436 616 418 616 neuron 0
379 306 397 306 397 330 379 330 neuron 0
386 283 407 283 407 311 386 311 neuron 0
424 328 444 328 444 355 424 355 neuron 0
438 329 456 329 456 356 438 356 neuron 0
457 305 476 305 476 331 457 331 neuron 0
472 300 491 300 491 331 472 331 neuron 0
472 324 490 324 490 351 472 351 neuron 0
472 344 487 344 487 369 472 369 neuron 0
465 363 482 363 482 388 465 388 neuron 0
455 459 474 459 474 484 455 484 neuron 0
458 479 478 479 478 504 458 504 neuron 0
461 497 479 497 479 524 461 524 neuron 0
472 507 492 507 492 535 472 535 neuron 0
462 521 479 521 479 548 462 548 neuron 0
472 528 490 528 490 555 472 555 neuron 0
435 555 452 555 452 584 435 584 neuron 0
447 564 463 564 463 589 447 589 neuron 0
459 539 482 539 482 572 459 572 neuron 0
443 516 467 516 467 551 443 551 neuron 0
450 488 468 488 468 519 450 519 neuron 0
446 508 469 508 469 536 446 536 neuron 0
432 462 449 462 449 490 432 490 neuron 0
481 391 498 391 498 417 481 417 neuron 0
495 388 511 388 511 413 495 413 neuron 0
489 457 509 457 509 487 489 487 neuron 0
563 395 583 395 583 421 563 421 neuron 0
556 316 580 316 580 351 556 351 neuron 0
563 543 589 543 589 576 563 576 neuron 0
484 20 503 20 503 48 484 48 neuron 0
543 38 563 38 563 66 543 66 neuron 0
541 79 561 79 561 107 541 107 neuron 0
516 135 535 135 535 161 516 161 neuron 0
532 225 551 225 551 251 532 251 neuron 0
548 206 568 206 568 234 548 234 neuron 0
547 143 566 143 566 172 547 172 neuron 0
551 107 571 107 571 148 551 148 neuron 0
564 108 585 108 585 144 564 144 neuron 0
571 94 588 94 588 122 571 122 neuron 0
581 111 598 111 598 137 581 137 neuron 0
592 120 608 120 608 145 592 145 neuron 0
617 79 639 79 639 112 617 112 neuron 0
622 184 639 184 639 209 622 209 neuron 0
591 263 612 263 612 291 591 291 neuron 0
613 252 633 252 633 281 613 281 neuron 0
256 171 275 171 275 201 256 201 neuron 0
160 113 184 113 184 148 160 148 neuron 0
123 102 140 102 140 130 123 130 neuron 0
135 100 155 100 155 131 135 131 neuron 0
143 83 162 83 162 109 143 109 neuron 0
156 79 174 79 174 104 156 104 neuron 0
173 68 192 68 192 92 173 92 neuron 0
185 63 204 63 204 97 185 97 neuron 0
174 47 194 47 194 75 174 75 neuron 0
189 47 205 47 205 73 189 73 neuron 0
197 51 220 51 220 84 197 84 neuron 0
230 5 248 5 248 35 230 35 neuron 0
227 27 244 27 244 55 227 55 neuron 0
208 12 230 12 230 39 208 39 neuron 0