19 603 41 603 41 631 19 631 neuron 0
33 591 51 591 51 616 33 616 neuron 0
64 492 93 492 93 535 64 535 neuron 0
148 401 166 401 166 428 148 428 neuron 0
166 439 183 439 183 467 166 467 neuron 0
193 447 213 447 213 475 193 475 neuron 0
215 447 238 447 238 484 215 484 neuron 0
204 462 223 462 223 490 204 490 neuron 0
213 479 232 479 232 505 213 505 neuron 0
208 503 229 503 229 533 208 533 neuron 0
206 547 227 547 227 585 206 585 neuron 0
219 554 241 554 241 582 219 582 neuron 0
338 305 357 305 357 336 338 336 neuron 0
354 336 372 336 372 361 354 361 neuron 0
363 321 384 321 384 352 363 352 neuron 0
377 332 393 332 393 359 377 359 neuron 0
369 348 387 348 387 375 369 375 neuron 0
369 370 388 370 388 398 369 398 neuron 0
371 457 390 457 390 492 371 492 neuron 0
357 493 379 493 379 523 357 523 neuron 0
385 461 401 461 401 488 385 488 neuron 0
383 268 403 268 403 297 383 297 neuron 0
389 251 405 251 405 277 389 277 neuron 0
399 244 415 244 415 272 399 272 neuron 0
395 262 413 262 413 290 395 290 neuron 0
409 247 426 247 426 276 409 276 neuron 0
425 249 442 249 442 275 425 275 neuron 0
483 295 509 295 509 339 483 339 neuron 0
10 285 35 285 35 316 10 316 neuron 0
5 304 24 304 24 331 5 331 neuron 0
9 321 26 321 26 348 9 348 neuron 0
50 276 72 276 72 311 50 311 neuron 0
53 188 71 188 71 215 53 215 neuron 0
59 247 78 247 78 275 59 275 neuron 0
63 267 79 267 79 292 63 292 neuron 0
72 263 91 263 91 289 72 289 neuron 0
81 251 97 251 97 276 81 276 neuron 0
80 231 99 231 99 259 80 259 neuron 0
83 271 100 271 100 299 83 299 neuron 0
74 284 92 284 92 308 74 308 neuron 0
85 205 109 205 109 239 85 239 neuron 0
98 188 121 188 121 225 98 225 neuron 0
91 226 112 226 112 258 91 258 neuron 0
62 218 85 218 85 258 62 258 neuron 0
505 417 522 417 522 444 505 444 neuron 0
553 425 581 425 581 467 553 467 neuron 0
551 379 571 379 571 407 551 407 neuron 0
443 191 462 191 462 223 443 223 neuron 0
439 212 460 212 460 243 439 243 neuron 0
453 222 472 222 472 250 453 250 neuron 0
458 176 485 176 485 211 458 211 neuron 0
470 208 488 208 488 233 470 233 neuron 0
520 192 537 192 537 221 520 221 neuron 0
601 178 623 178 623 210 601 210 neuron 0
586 427 603 427 603 456 586 456 neuron 0
570 406 589 406 589 430 570 430 neuron 0
582 407 601 407 601 433 582 433 neuron 0
593 420 613 420 613 447 593 447 neuron 0
605 417 624 417 624 447 605 447 neuron 0
601 405 620 405 620 432 601 432 neuron 0
607 395 627 395 627 427 607 427 neuron 0
567 364 583 364 583 391 567 391 neuron 0
563 342 581 342 581 370 563 370 neuron 0
581 329 600 329 600 356 581 356 neuron 0
571 327 588 327 588 355 571 355 neuron 0
591 340 608 340 608 371 591 371 neuron 0
590 358 609 358 609 386 590 386 neuron 0
581 348 597 348 597 373 581 373 neuron 0
600 336 620 336 620 365 600 365 neuron 0
613 353 632 353 632 379 613 379 neuron 0
626 360 640 360 640 392 626 392 neuron 0
253 35 271 35 271 64 253 64 neuron 0
271 67 291 67 291 96 271 96 neuron 0
317 131 334 131 334 157 317 157 neuron 0
366 7 383 7 383 35 366 35 neuron 0
384 12 404 12 404 41 384 41 neuron 0
519 89 535 89 535 115 519 115 neuron 0
619 130 639 130 639 154 619 154 neuron 0
125 17 145 17 145 48 125 48 neuron 0