603 547 628 547 628 585 603 585 neuron 0
493 580 518 580 518 616 493 616 neuron 0
498 548 522 548 522 587 498 587 neuron 0
523 524 549 524 549 561 523 561 neuron 0
529 497 554 497 554 531 529 531 neuron 0
501 488 525 488 525 524 501 524 neuron 0
489 473 513 473 513 515 489 515 neuron 0
567 436 592 436 592 493 567 493 neuron 0
555 419 577 419 577 468 555 468 neuron 0
539 356 566 356 566 393 539 393 neuron 0
622 252 640 252 640 291 622 291 neuron 0
590 265 617 265 617 303 590 303 neuron 0
562 251 588 251 588 296 562 296 neuron 0
529 239 559 239 559 276 529 276 neuron 0
570 87 595 87 595 127 570 127 neuron 0
542 106 568 106 568 150 542 150 neuron 0
517 161 549 161 549 196 517 196 neuron 0
533 76 560 76 560 116 533 116 neuron 0
455 406 485 406 485 442 455 442 neuron 0
394 577 420 577 420 619 394 619 neuron 0
349 617 379 617 379 640 349 640 neuron 0
335 608 357 608 357 640 335 640 neuron 0
361 597 389 597 389 628 361 628 neuron 0
367 580 394 580 394 611 367 611 neuron 0
379 561 402 561 402 599 379 599 neuron 0
362 559 385 559 385 591 362 591 neuron 0
346 573 371 573 371 611 346 611 neuron 0
339 549 363 549 363 583 339 583 neuron 0
325 521 351 521 351 559 325 559 neuron 0
323 501 348 501 348 532 323 532 neuron 0
317 486 339 486 339 518 317 518 neuron 0
302 480 324 480 324 520 302 520 neuron 0
342 487 367 487 367 519 342 519 neuron 0
378 475 404 475 404 509 378 509 neuron 0
405 459 429 459 429 496 405 496 neuron 0
414 442 435 442 435 474 414 474 neuron 0
403 437 423 437 423 471 403 471 neuron 0
407 408 434 408 434 439 407 439 neuron 0
418 353 444 353 444 396 418 396 neuron 0
399 333 427 333 427 368 399 368 neuron 0
434 297 457 297 457 343 434 343 neuron 0
469 268 494 268 494 309 469 309 neuron 0
482 248 507 248 507 285 482 285 neuron 0
492 219 519 219 519 253 492 253 neuron 0
392 260 416 260 416 297 392 297 neuron 0
392 235 417 235 417 268 392 268 neuron 0
411 247 439 247 439 288 411 288 neuron 0
404 187 431 187 431 227 404 227 neuron 0
538 36 565 36 565 81 538 81 neuron 0
571 6 600 6 600 50 571 50 neuron 0
513 24 542 24 542 65 513 65 neuron 0
325 89 353 89 353 120 325 120 neuron 0
325 63 353 63 353 97 325 97 neuron 0
282 184 310 184 310 223 282 223 neuron 0
184 124 211 124 211 163 184 163 neuron 0
147 59 176 59 176 96 147 96 neuron 0
129 58 154 58 154 94 129 94 neuron 0
113 37 138 37 138 83 113 83 neuron 0
92 47 115 47 115 85 92 85 neuron 0
81 28 108 28 108 61 81 61 neuron 0
77 67 104 67 104 111 77 111 neuron 0
91 89 117 89 117 127 91 127 neuron 0
108 84 131 84 131 127 108 127 neuron 0
104 61 127 61 127 95 104 95 neuron 0
85 115 114 115 114 159 85 159 neuron 0
69 212 96 212 96 245 69 245 neuron 0
79 224 109 224 109 259 79 259 neuron 0
208 200 235 200 235 235 208 235 neuron 0
187 219 213 219 213 252 187 252 neuron 0
203 245 232 245 232 284 203 284 neuron 0
274 256 299 256 299 296 274 296 neuron 0
596 346 622 346 622 382 596 382 neuron 0
622 377 640 377 640 419 622 419 neuron 0
256 317 282 317 282 355 256 355 neuron 0
276 345 299 345 299 379 276 379 neuron 0
265 415 291 415 291 453 265 453 neuron 0
274 392 300 392 300 427 274 427 neuron 0
271 369 296 369 296 403 271 403 neuron 0
257 351 283 351 283 383 257 383 neuron 0
347 419 371 419 371 457 347 457 neuron 0
338 394 362 394 362 430 338 430 neuron 0
330 367 358 367 358 404 330 404 neuron 0
281 481 308 481 308 515 281 515 neuron 0
243 500 270 500 270 532 243 532 neuron 0
234 515 259 515 259 549 234 549 neuron 0
220 523 244 523 244 553 220 553 neuron 0
247 572 275 572 275 607 247 607 neuron 0
257 595 286 595 286 625 257 625 neuron 0
146 525 170 525 170 568 146 568 neuron 0
228 397 257 397 257 435 228 435 neuron 0
195 344 222 344 222 379 195 379 neuron 0
102 349 132 349 132 387 102 387 neuron 0
105 610 132 610 132 640 105 640 neuron 0
144 477 172 477 172 520 144 520 neuron 0
12 496 38 496 38 544 12 544 neuron 0
39 460 64 460 64 491 39 491 neuron 0
70 429 98 429 98 460 70 460 neuron 0
70 403 96 403 96 437 70 437 neuron 0
45 431 71 431 71 468 45 468 neuron 0
28 436 52 436 52 471 28 471 neuron 0
24 412 51 412 51 444 24 444 neuron 0
8 376 36 376 36 407 8 407 neuron 0
51 221 77 221 77 256 51 256 neuron 0
34 17 61 17 61 51 34 51 neuron 0
52 2 76 2 76 30 52 30 neuron 0