603 547 630 547 630 580 603 580 neuron 0
502 604 524 604 524 640 502 640 neuron 0
490 582 520 582 520 618 490 618 neuron 0
498 548 524 548 524 587 498 587 neuron 0
524 519 550 519 550 561 524 561 neuron 0
529 496 554 496 554 528 529 528 neuron 0
501 484 525 484 525 523 501 523 neuron 0
488 472 512 472 512 512 488 512 neuron 0
566 435 590 435 590 492 566 492 neuron 0
553 420 577 420 577 467 553 467 neuron 0
597 343 621 343 621 380 597 380 neuron 0
538 355 566 355 566 391 538 391 neuron 0
619 251 640 251 640 291 619 291 neuron 0
590 263 615 263 615 303 590 303 neuron 0
563 252 589 252 589 296 563 296 neuron 0
529 236 559 236 559 279 529 279 neuron 0
471 270 494 270 494 310 471 310 neuron 0
482 248 505 248 505 285 482 285 neuron 0
489 221 520 221 520 255 489 255 neuron 0
516 162 549 162 549 194 516 194 neuron 0
569 88 595 88 595 124 569 124 neuron 0
542 107 566 107 566 148 542 148 neuron 0
536 76 560 76 560 116 536 116 neuron 0
463 621 483 621 483 640 463 640 neuron 0
537 35 563 35 563 80 537 80 neuron 0
572 7 600 7 600 48 572 48 neuron 0
514 25 541 25 541 68 514 68 neuron 0
486 15 514 15 514 51 486 51 neuron 0
455 406 485 406 485 446 455 446 neuron 0
377 473 404 473 404 512 377 512 neuron 0
403 457 429 457 429 495 403 495 neuron 0
415 441 434 441 434 472 415 472 neuron 0
403 436 422 436 422 467 403 467 neuron 0
408 404 432 404 432 444 408 444 neuron 0
416 351 447 351 447 395 416 395 neuron 0
400 329 428 329 428 371 400 371 neuron 0
432 300 455 300 455 343 432 343 neuron 0
391 261 416 261 416 296 391 296 neuron 0
393 234 418 234 418 270 393 270 neuron 0
406 186 431 186 431 230 406 230 neuron 0
323 503 348 503 348 532 323 532 neuron 0
316 486 338 486 338 518 316 518 neuron 0
300 479 322 479 322 517 300 517 neuron 0
282 477 307 477 307 516 282 516 neuron 0
341 484 369 484 369 520 341 520 neuron 0
347 416 372 416 372 460 347 460 neuron 0
336 389 361 389 361 431 336 431 neuron 0
361 596 387 596 387 628 361 628 neuron 0
365 581 393 581 393 611 365 611 neuron 0
394 579 422 579 422 616 394 616 neuron 0
378 562 402 562 402 602 378 602 neuron 0
362 557 385 557 385 591 362 591 neuron 0
346 571 370 571 370 609 346 609 neuron 0
336 547 363 547 363 583 336 583 neuron 0
336 605 359 605 359 640 336 640 neuron 0
255 588 284 588 284 624 255 624 neuron 0
245 571 272 571 272 605 245 605 neuron 0
222 520 244 520 244 553 222 553 neuron 0
236 514 258 514 258 550 236 550 neuron 0
245 497 268 497 268 531 245 531 neuron 0
106 609 128 609 128 640 106 640 neuron 0
14 495 37 495 37 537 14 537 neuron 0
44 434 69 434 69 466 44 466 neuron 0
28 438 51 438 51 470 28 470 neuron 0
24 411 49 411 49 443 24 443 neuron 0
71 429 97 429 97 459 71 459 neuron 0
68 402 97 402 97 438 68 438 neuron 0
101 350 131 350 131 386 101 386 neuron 0
229 396 258 396 258 432 229 432 neuron 0
267 408 291 408 291 452 267 452 neuron 0
275 389 296 389 296 423 275 423 neuron 0
272 369 294 369 294 400 272 400 neuron 0
277 344 299 344 299 376 277 376 neuron 0
255 348 282 348 282 381 255 381 neuron 0
254 319 282 319 282 352 254 352 neuron 0
330 366 356 366 356 402 330 402 neuron 0
192 341 219 341 219 380 192 380 neuron 0
275 255 302 255 302 293 275 293 neuron 0
282 185 311 185 311 223 282 223 neuron 0
203 245 231 245 231 283 203 283 neuron 0
187 218 213 218 213 254 187 254 neuron 0
210 198 234 198 234 234 210 234 neuron 0
78 225 105 225 105 255 78 255 neuron 0
69 214 97 214 97 242 69 242 neuron 0
50 219 79 219 79 255 50 255 neuron 0
325 88 352 88 352 123 325 123 neuron 0
325 61 352 61 352 95 325 95 neuron 0
184 124 211 124 211 161 184 161 neuron 0
123 109 149 109 149 143 123 143 neuron 0
109 89 134 89 134 123 109 123 neuron 0
94 91 117 91 117 125 94 125 neuron 0
103 61 129 61 129 95 103 95 neuron 0
90 47 114 47 114 79 90 79 neuron 0
81 27 110 27 110 56 81 56 neuron 0
128 54 153 54 153 90 128 90 neuron 0
147 55 174 55 174 91 147 91 neuron 0
112 39 136 39 136 76 112 76 neuron 0
32 15 59 15 59 52 32 52 neuron 0
83 119 109 119 109 153 83 153 neuron 0
76 68 104 68 104 97 76 97 neuron 0
81 87 101 87 101 115 81 115 neuron 0