537 606 566 606 566 640 537 640 neuron 0
478 614 504 614 504 640 478 640 neuron 0
487 579 511 579 511 619 487 619 neuron 0
626 599 640 599 640 636 626 636 neuron 0
619 542 640 542 640 574 619 574 neuron 0
532 524 556 524 556 565 532 565 neuron 0
518 532 541 532 541 569 518 569 neuron 0
559 467 583 467 583 515 559 515 neuron 0
543 456 569 456 569 496 543 496 neuron 0
615 416 640 416 640 452 615 452 neuron 0
598 391 628 391 628 424 598 424 neuron 0
527 391 558 391 558 427 527 427 neuron 0
561 281 588 281 588 323 561 323 neuron 0
518 250 544 250 544 290 518 290 neuron 0
502 252 526 252 526 289 502 289 neuron 0
487 250 512 250 512 286 487 286 neuron 0
615 243 639 243 639 272 615 272 neuron 0
540 140 566 140 566 183 540 183 neuron 0
567 123 594 123 594 159 567 159 neuron 0
534 104 561 104 561 141 534 141 neuron 0
516 56 542 56 542 99 516 99 neuron 0
573 43 601 43 601 84 573 84 neuron 0
540 7 574 7 574 44 540 44 neuron 0
468 11 500 11 500 51 468 51 neuron 0
490 172 518 172 518 221 490 221 neuron 0
622 284 640 284 640 323 622 323 neuron 0
589 290 615 290 615 326 589 326 neuron 0
360 603 384 603 384 637 360 637 neuron 0
369 583 393 583 393 621 369 621 neuron 0
354 580 376 580 376 613 354 613 neuron 0
343 600 367 600 367 640 343 640 neuron 0
332 581 357 581 357 619 332 619 neuron 0
328 558 353 558 353 594 328 594 neuron 0
312 527 338 527 338 564 312 564 neuron 0
338 499 366 499 366 540 338 540 neuron 0
366 498 393 498 393 534 366 534 neuron 0
409 475 437 475 437 509 409 509 neuron 0
395 461 423 461 423 499 395 499 neuron 0
489 515 516 515 516 553 489 553 neuron 0
481 496 505 496 505 539 481 539 neuron 0
449 432 478 432 478 468 449 468 neuron 0
407 423 433 423 433 456 407 456 neuron 0
413 381 438 381 438 420 413 420 neuron 0
431 379 455 379 455 419 431 419 neuron 0
422 331 451 331 451 373 422 373 neuron 0
466 295 492 295 492 333 466 333 neuron 0
397 350 423 350 423 390 397 390 neuron 0
386 284 413 284 413 323 386 323 neuron 0
389 256 414 256 414 293 389 293 neuron 0
405 200 434 200 434 240 405 240 neuron 0
339 443 366 443 366 481 339 481 neuron 0
330 408 357 408 357 449 330 449 neuron 0
322 384 351 384 351 421 322 421 neuron 0
363 249 386 249 386 280 363 280 neuron 0
349 260 369 260 369 292 349 292 neuron 0
327 105 353 105 353 140 327 140 neuron 0
326 83 354 83 354 116 326 116 neuron 0
281 203 308 203 308 244 281 244 neuron 0
278 253 302 253 302 284 278 284 neuron 0
268 270 296 270 296 314 268 314 neuron 0
249 331 276 331 276 371 249 371 neuron 0
266 410 292 410 292 442 266 442 neuron 0
268 383 290 383 290 417 268 417 neuron 0
253 384 275 384 275 425 253 425 neuron 0
221 412 248 412 248 449 221 449 neuron 0
232 365 258 365 258 403 232 403 neuron 0
187 356 215 356 215 393 187 393 neuron 0
189 259 222 259 222 292 189 292 neuron 0
186 227 213 227 213 263 186 263 neuron 0
208 217 232 217 232 251 208 251 neuron 0
237 508 263 508 263 545 237 545 neuron 0
226 520 248 520 248 561 226 561 neuron 0
214 532 235 532 235 568 214 568 neuron 0
240 588 267 588 267 628 240 628 neuron 0
254 609 280 609 280 640 254 640 neuron 0
308 500 333 500 333 535 308 535 neuron 0
292 496 316 496 316 531 292 531 neuron 0
293 519 318 519 318 548 293 548 neuron 0
274 496 300 496 300 533 274 533 neuron 0
134 537 162 537 162 580 134 580 neuron 0
137 488 167 488 167 531 137 531 neuron 0
66 433 91 433 91 467 66 467 neuron 0
64 412 89 412 89 441 64 441 neuron 0
36 443 65 443 65 476 36 476 neuron 0
29 426 56 426 56 458 29 458 neuron 0
18 411 41 411 41 448 18 448 neuron 0
6 500 30 500 30 544 6 544 neuron 0
93 359 124 359 124 397 93 397 neuron 0
65 379 90 379 90 412 65 412 neuron 0
66 219 92 219 92 251 66 251 neuron 0
47 224 75 224 75 261 47 261 neuron 0
163 88 192 88 192 133 163 133 neuron 0
146 72 177 72 177 108 146 108 neuron 0
137 56 165 56 165 89 137 89 neuron 0
114 38 141 38 141 86 114 86 neuron 0
123 116 147 116 147 161 123 161 neuron 0
104 109 129 109 129 144 104 144 neuron 0
103 80 129 80 129 119 103 119 neuron 0
94 96 115 96 115 137 94 137 neuron 0
92 75 112 75 112 105 92 105 neuron 0
78 64 100 64 100 108 78 108 neuron 0
82 37 110 37 110 76 82 76 neuron 0
37 532 63 532 63 565 37 565 neuron 0
271 363 296 363 296 395 271 395 neuron 0