533 606 566 606 566 640 533 640 neuron 0
618 542 640 542 640 582 618 582 neuron 0
530 528 553 528 553 567 530 567 neuron 0
517 537 540 537 540 572 517 572 neuron 0
486 577 512 577 512 620 486 620 neuron 0
491 516 518 516 518 556 491 556 neuron 0
480 497 505 497 505 536 480 536 neuron 0
559 465 584 465 584 519 559 519 neuron 0
544 456 568 456 568 499 544 499 neuron 0
613 415 640 415 640 457 613 457 neuron 0
529 391 559 391 559 429 529 429 neuron 0
359 581 394 581 394 640 359 640 neuron 0
351 580 377 580 377 616 351 616 neuron 0
340 602 366 602 366 640 340 640 neuron 0
332 581 357 581 357 620 332 620 neuron 0
325 557 353 557 353 591 325 591 neuron 0
311 527 339 527 339 571 311 571 neuron 0
294 517 320 517 320 552 294 552 neuron 0
308 503 334 503 334 539 308 539 neuron 0
292 495 319 495 319 527 292 527 neuron 0
338 503 366 503 366 540 338 540 neuron 0
364 500 392 500 392 539 364 539 neuron 0
392 462 434 462 434 514 392 514 neuron 0
449 432 478 432 478 473 449 473 neuron 0
406 421 433 421 433 459 406 459 neuron 0
338 445 365 445 365 487 338 487 neuron 0
329 415 359 415 359 452 329 452 neuron 0
324 383 352 383 352 425 324 425 neuron 0
414 381 440 381 440 423 414 423 neuron 0
431 383 455 383 455 420 431 420 neuron 0
423 329 448 329 448 376 423 376 neuron 0
397 351 424 351 424 392 397 392 neuron 0
464 297 492 297 492 339 464 339 neuron 0
562 283 584 283 584 327 562 327 neuron 0
587 292 616 292 616 336 587 336 neuron 0
622 284 640 284 640 323 622 323 neuron 0
517 247 546 247 546 292 517 292 neuron 0
503 252 527 252 527 291 503 291 neuron 0
487 247 512 247 512 285 487 285 neuron 0
567 121 593 121 593 160 567 160 neuron 0
540 139 566 139 566 175 540 175 neuron 0
533 165 556 165 556 208 533 208 neuron 0
517 192 539 192 539 233 517 233 neuron 0
383 287 411 287 411 327 383 327 neuron 0
388 259 416 259 416 296 388 296 neuron 0
405 270 434 270 434 314 405 314 neuron 0
404 200 430 200 430 244 404 244 neuron 0
470 149 495 149 495 196 470 196 neuron 0
488 172 518 172 518 212 488 212 neuron 0
534 99 561 99 561 143 534 143 neuron 0
540 69 568 69 568 112 540 112 neuron 0
573 40 600 40 600 81 573 81 neuron 0
515 55 544 55 544 92 515 92 neuron 0
538 7 572 7 572 45 538 45 neuron 0
483 33 514 33 514 75 483 75 neuron 0
468 11 498 11 498 48 468 48 neuron 0
598 391 626 391 626 425 598 425 neuron 0
253 610 281 610 281 640 253 640 neuron 0
237 586 267 586 267 630 237 630 neuron 0
212 535 237 535 237 572 212 572 neuron 0
226 523 250 523 250 560 226 560 neuron 0
239 510 263 510 263 546 239 546 neuron 0
136 537 162 537 162 583 136 583 neuron 0
137 490 167 490 167 538 137 538 neuron 0
5 496 30 496 30 547 5 547 neuron 0
219 412 247 412 247 452 219 452 neuron 0
264 411 292 411 292 444 264 444 neuron 0
265 387 292 387 292 419 265 419 neuron 0
271 364 295 364 295 399 271 399 neuron 0
251 384 274 384 274 428 251 428 neuron 0
232 368 259 368 259 405 232 405 neuron 0
250 331 277 331 277 372 250 372 neuron 0
270 271 296 271 296 313 270 313 neuron 0
279 202 306 202 306 246 279 246 neuron 0
185 355 218 355 218 396 185 396 neuron 0
64 438 91 438 91 470 64 470 neuron 0
61 412 91 412 91 447 61 447 neuron 0
37 446 65 446 65 482 37 482 neuron 0
30 427 59 427 59 461 30 461 neuron 0
17 416 44 416 44 452 17 452 neuron 0
93 359 122 359 122 401 93 401 neuron 0
192 260 221 260 221 293 192 293 neuron 0
205 217 235 217 235 255 205 255 neuron 0
186 227 212 227 212 265 186 265 neuron 0
66 219 95 219 95 252 66 252 neuron 0
45 225 76 225 76 263 45 263 neuron 0
81 129 111 129 111 171 81 171 neuron 0
103 110 130 110 130 146 103 146 neuron 0
93 98 117 98 117 134 93 134 neuron 0
162 89 193 89 193 135 162 135 neuron 0
147 75 173 75 173 107 147 107 neuron 0
136 56 165 56 165 88 136 88 neuron 0
114 29 141 29 141 80 114 80 neuron 0
79 67 104 67 104 105 79 105 neuron 0
83 40 109 40 109 80 83 80 neuron 0
35 17 63 17 63 60 35 60 neuron 0
56 0 83 0 83 40 56 40 neuron 0
324 107 352 107 352 140 324 140 neuron 0
325 81 352 81 352 116 325 116 neuron 0