551 605 579 605 579 640 551 640 neuron 0
613 560 640 560 640 597 613 597 neuron 0
528 568 554 568 554 605 528 605 neuron 0
480 612 505 612 505 640 480 640 neuron 0
514 548 539 548 539 588 514 588 neuron 0
530 532 553 532 553 572 530 572 neuron 0
489 527 514 527 514 563 489 563 neuron 0
479 507 505 507 505 547 479 547 neuron 0
543 473 568 473 568 508 543 508 neuron 0
614 437 637 437 637 471 614 471 neuron 0
623 421 640 421 640 455 623 455 neuron 0
518 416 543 416 543 455 518 455 neuron 0
447 441 478 441 478 479 447 479 neuron 0
588 309 615 309 615 347 588 347 neuron 0
560 309 585 309 585 347 560 347 neuron 0
512 254 537 254 537 290 512 290 neuron 0
504 269 528 269 528 303 504 303 neuron 0
488 261 514 261 514 291 488 291 neuron 0
469 297 494 297 494 339 469 339 neuron 0
573 131 598 131 598 165 573 165 neuron 0
548 143 572 143 572 180 548 180 neuron 0
612 168 634 168 634 201 612 201 neuron 0
579 54 604 54 604 98 579 98 neuron 0
544 79 570 79 570 124 544 124 neuron 0
537 121 561 121 561 160 537 160 neuron 0
529 97 557 97 557 131 529 131 neuron 0
516 75 542 75 542 108 516 108 neuron 0
522 61 549 61 549 99 522 99 neuron 0
480 31 514 31 514 68 480 68 neuron 0
351 608 379 608 379 639 351 639 neuron 0
357 579 382 579 382 611 357 611 neuron 0
346 588 372 588 372 619 346 619 neuron 0
332 587 355 587 355 624 332 624 neuron 0
326 566 352 566 352 598 326 598 neuron 0
315 596 341 596 341 627 315 627 neuron 0
316 525 340 525 340 563 316 563 neuron 0
303 524 324 524 324 565 303 565 neuron 0
292 504 316 504 316 544 292 544 neuron 0
373 509 399 509 399 544 373 544 neuron 0
378 485 404 485 404 520 378 520 neuron 0
411 482 438 482 438 518 411 518 neuron 0
339 447 365 447 365 491 339 491 neuron 0
415 408 439 408 439 445 415 445 neuron 0
331 417 357 417 357 460 331 460 neuron 0
325 390 354 390 354 430 325 430 neuron 0
396 354 421 354 421 390 396 390 neuron 0
412 359 434 359 434 396 412 396 neuron 0
425 340 453 340 453 381 425 381 neuron 0
388 291 414 291 414 333 388 333 neuron 0
415 291 441 291 441 331 415 331 neuron 0
405 278 431 278 431 314 405 314 neuron 0
390 266 417 266 417 302 390 302 neuron 0
404 224 431 224 431 267 404 267 neuron 0
237 594 268 594 268 634 237 634 neuron 0
214 530 239 530 239 570 214 570 neuron 0
229 525 250 525 250 560 229 560 neuron 0
241 516 264 516 264 552 241 552 neuron 0
263 487 288 487 288 524 263 524 neuron 0
269 467 294 467 294 503 269 503 neuron 0
269 409 293 409 293 448 269 448 neuron 0
265 384 291 384 291 421 265 421 neuron 0
271 364 295 364 295 399 271 399 neuron 0
221 415 249 415 249 457 221 457 neuron 0
226 364 252 364 252 403 226 403 neuron 0
253 339 279 339 279 376 253 376 neuron 0
273 280 298 280 298 317 273 317 neuron 0
203 240 227 240 227 271 203 271 neuron 0
191 225 216 225 216 260 191 260 neuron 0
210 219 234 219 234 249 210 249 neuron 0
282 219 309 219 309 251 282 251 neuron 0
134 540 161 540 161 584 134 584 neuron 0
5 499 29 499 29 547 5 547 neuron 0
137 489 165 489 165 532 137 532 neuron 0
63 432 93 432 93 467 63 467 neuron 0
61 409 91 409 91 443 61 443 neuron 0
33 440 59 440 59 475 33 475 neuron 0
28 420 55 420 55 452 28 452 neuron 0
17 415 38 415 38 451 17 451 neuron 0
96 363 125 363 125 400 96 400 neuron 0
185 363 214 363 214 399 185 399 neuron 0
64 379 89 379 89 413 64 413 neuron 0
48 223 77 223 77 259 48 259 neuron 0
70 215 97 215 97 252 70 252 neuron 0
97 204 124 204 124 247 97 247 neuron 0
3 232 25 232 25 272 3 272 neuron 0
329 112 355 112 355 148 329 148 neuron 0
330 90 358 90 358 122 330 122 neuron 0
167 79 193 79 193 117 167 117 neuron 0
154 71 177 71 177 104 154 104 neuron 0
144 53 171 53 171 87 144 87 neuron 0
119 112 151 112 151 155 119 155 neuron 0
104 114 128 114 128 146 104 146 neuron 0
84 124 110 124 110 167 84 167 neuron 0
95 100 119 100 119 127 95 127 neuron 0
102 73 125 73 125 108 102 108 neuron 0
89 84 112 84 112 115 89 115 neuron 0
80 63 105 63 105 99 80 99 neuron 0
87 36 113 36 113 79 87 79 neuron 0
115 28 140 28 140 79 115 79 neuron 0
60 3 81 3 81 31 60 31 neuron 0
43 0 65 0 65 31 43 31 neuron 0
39 20 67 20 67 59 39 59 neuron 0
216 255 242 255 242 295 216 295 neuron 0
191 260 221 260 221 296 191 296 neuron 0