55 523 76 523 76 554 55 554 neuron 0
18 490 40 490 40 522 18 522 neuron 0
0 471 21 471 21 503 0 503 neuron 0
0 439 20 439 20 471 0 471 neuron 0
21 405 42 405 42 435 21 435 neuron 0
0 336 13 336 13 367 0 367 neuron 0
4 346 23 346 23 378 4 378 neuron 0
17 342 39 342 39 370 17 370 neuron 0
9 361 32 361 32 389 9 389 neuron 0
32 349 52 349 52 379 32 379 neuron 0
43 459 65 459 65 490 43 490 neuron 0
52 469 75 469 75 499 52 499 neuron 0
77 457 102 457 102 487 77 487 neuron 0
103 437 123 437 123 466 103 466 neuron 0
27 280 48 280 48 311 27 311 neuron 0
132 606 153 606 153 637 132 637 neuron 0
184 448 205 448 205 477 184 477 neuron 0
188 469 212 469 212 495 188 495 neuron 0
231 611 253 611 253 640 231 640 neuron 0
239 542 260 542 260 576 239 576 neuron 0
244 478 264 478 264 506 244 506 neuron 0
257 467 276 467 276 497 257 497 neuron 0
251 417 273 417 273 445 251 445 neuron 0
264 543 287 543 287 575 264 575 neuron 0
267 607 288 607 288 638 267 638 neuron 0
283 608 305 608 305 639 283 639 neuron 0
302 550 323 550 323 579 302 579 neuron 0
300 474 321 474 321 506 300 506 neuron 0
303 439 324 439 324 469 303 469 neuron 0
227 351 251 351 251 378 227 378 neuron 0
223 337 247 337 247 360 223 360 neuron 0
254 391 278 391 278 420 254 420 neuron 0
258 375 281 375 281 404 258 404 neuron 0
276 398 299 398 299 428 276 428 neuron 0
286 290 308 290 308 323 286 323 neuron 0
308 265 330 265 330 296 308 296 neuron 0
333 300 353 300 353 332 333 332 neuron 0
146 170 167 170 167 200 146 200 neuron 0
133 176 155 176 155 205 133 205 neuron 0
63 225 85 225 85 256 63 256 neuron 0
76 213 97 213 97 241 76 241 neuron 0
62 196 85 196 85 226 62 226 neuron 0
78 230 99 230 99 256 78 256 neuron 0
34 194 55 194 55 228 34 228 neuron 0
51 175 71 175 71 204 51 204 neuron 0
312 427 336 427 336 458 312 458 neuron 0
349 309 373 309 373 342 349 342 neuron 0
364 560 386 560 386 591 364 591 neuron 0
520 531 545 531 545 563 520 563 neuron 0
451 375 475 375 475 406 451 406 neuron 0
519 427 540 427 540 461 519 461 neuron 0
534 427 557 427 557 460 534 460 neuron 0
536 377 562 377 562 413 536 413 neuron 0
545 345 567 345 567 376 545 376 neuron 0
566 347 587 347 587 376 566 376 neuron 0
472 308 494 308 494 339 472 339 neuron 0
520 247 546 247 546 281 520 281 neuron 0
544 279 569 279 569 311 544 311 neuron 0
600 268 622 268 622 303 600 303 neuron 0
618 236 639 236 639 267 618 267 neuron 0
538 237 560 237 560 266 538 266 neuron 0
535 217 559 217 559 247 535 247 neuron 0
518 136 541 136 541 164 518 164 neuron 0
458 25 481 25 481 61 458 61 neuron 0
517 113 541 113 541 144 517 144 neuron 0
564 15 585 15 585 46 564 46 neuron 0
575 5 597 5 597 37 575 37 neuron 0
531 123 551 123 551 154 531 154 neuron 0
249 120 272 120 272 149 249 149 neuron 0
236 89 257 89 257 118 236 118 neuron 0
221 90 244 90 244 119 221 119 neuron 0
306 116 332 116 332 148 306 148 neuron 0
337 107 361 107 361 138 337 138 neuron 0
399 159 423 159 423 189 399 189 neuron 0
298 38 322 38 322 68 298 68 neuron 0
322 19 345 19 345 52 322 52 neuron 0
310 0 335 0 335 22 310 22 neuron 0
187 27 209 27 209 59 187 59 neuron 0
188 13 210 13 210 40 188 40 neuron 0
163 59 187 59 187 90 163 90 neuron 0
142 55 164 55 164 83 142 83 neuron 0
133 4 155 4 155 35 133 35 neuron 0
91 11 113 11 113 43 91 43 neuron 0
40 75 63 75 63 104 40 104 neuron 0
72 129 96 129 96 161 72 161 neuron 0
44 154 67 154 67 184 44 184 neuron 0
40 187 65 187 65 216 40 216 neuron 0
26 106 47 106 47 134 26 134 neuron 0
19 91 40 91 40 120 19 120 neuron 0
4 81 25 81 25 112 4 112 neuron 0
19 38 43 38 43 68 19 68 neuron 0
0 10 19 10 19 41 0 41 neuron 0
11 27 30 27 30 53 11 53 neuron 0
12 70 33 70 33 97 12 97 neuron 0
31 154 50 154 50 184 31 184 neuron 0
37 169 57 169 57 198 37 198 neuron 0