0 609 24 609 24 638 0 638 neuron 0
40 568 61 568 61 598 40 598 neuron 0
46 537 67 537 67 567 46 567 neuron 0
28 508 49 508 49 537 28 537 neuron 0
78 516 104 516 104 548 78 548 neuron 0
66 514 90 514 90 550 66 550 neuron 0
11 426 32 426 32 457 11 457 neuron 0
6 403 27 403 27 437 6 437 neuron 0
0 387 21 387 21 418 0 418 neuron 0
0 351 19 351 19 383 0 383 neuron 0
27 374 51 374 51 408 27 408 neuron 0
51 418 72 418 72 449 51 449 neuron 0
38 280 59 280 59 311 38 311 neuron 0
12 289 38 289 38 319 12 319 neuron 0
24 191 47 191 47 223 24 223 neuron 0
99 346 123 346 123 377 99 377 neuron 0
106 368 125 368 125 398 106 398 neuron 0
142 500 166 500 166 531 142 531 neuron 0
194 523 219 523 219 558 194 558 neuron 0
142 177 165 177 165 207 142 207 neuron 0
239 200 261 200 261 232 239 232 neuron 0
290 285 311 285 311 314 290 314 neuron 0
303 289 324 289 324 322 303 322 neuron 0
329 314 353 314 353 344 329 344 neuron 0
290 176 314 176 314 204 290 204 neuron 0
358 527 382 527 382 562 358 562 neuron 0
357 306 382 306 382 338 357 338 neuron 0
397 244 419 244 419 280 397 280 neuron 0
502 361 526 361 526 395 502 395 neuron 0
522 342 544 342 544 371 522 371 neuron 0
611 529 636 529 636 563 611 563 neuron 0
501 141 526 141 526 176 501 176 neuron 0
508 98 534 98 534 130 508 130 neuron 0
550 131 572 131 572 165 550 165 neuron 0
559 51 584 51 584 82 559 82 neuron 0
570 24 593 24 593 55 570 55 neuron 0
510 0 536 0 536 26 510 26 neuron 0
506 53 530 53 530 85 506 85 neuron 0
400 121 422 121 422 151 400 151 neuron 0
418 124 440 124 440 154 418 154 neuron 0
428 96 452 96 452 124 428 124 neuron 0
434 77 456 77 456 108 434 108 neuron 0
209 166 233 166 233 201 209 201 neuron 0
200 143 209 143 209 155 200 155 neuron 0
215 100 239 100 239 129 215 129 neuron 0
275 160 297 160 297 191 275 191 neuron 0
314 155 334 155 334 184 314 184 neuron 0
340 170 365 170 365 203 340 203 neuron 0
347 152 376 152 376 180 347 180 neuron 0
338 104 362 104 362 135 338 135 neuron 0
235 48 258 48 258 80 235 80 neuron 0
323 105 344 105 344 133 323 133 neuron 0
338 16 359 16 359 54 338 54 neuron 0
299 42 320 42 320 70 299 70 neuron 0
280 94 302 94 302 125 280 125 neuron 0
90 68 113 68 113 102 90 102 neuron 0
120 4 142 4 142 39 120 39 neuron 0
143 98 164 98 164 128 143 128 neuron 0
144 119 168 119 168 152 144 152 neuron 0