7 556 30 556 30 586 7 586 neuron 0
55 531 80 531 80 561 55 561 neuron 0
70 534 92 534 92 564 70 564 neuron 0
126 544 147 544 147 574 126 574 neuron 0
92 597 116 597 116 631 92 631 neuron 0
239 547 263 547 263 580 239 580 neuron 0
0 568 17 568 17 599 0 599 neuron 0
8 338 33 338 33 369 8 369 neuron 0
55 333 77 333 77 364 55 364 neuron 0
58 203 80 203 80 234 58 234 neuron 0
54 182 79 182 79 212 54 212 neuron 0
93 191 116 191 116 225 93 225 neuron 0
99 213 123 213 123 245 99 245 neuron 0
116 293 140 293 140 324 116 324 neuron 0
129 278 151 278 151 307 129 307 neuron 0
238 531 258 531 258 560 238 560 neuron 0
243 458 264 458 264 491 243 491 neuron 0
207 437 232 437 232 466 207 466 neuron 0
216 449 237 449 237 480 216 480 neuron 0
224 415 248 415 248 445 224 445 neuron 0
265 426 287 426 287 456 265 456 neuron 0
262 446 283 446 283 475 262 475 neuron 0
251 440 272 440 272 469 251 469 neuron 0
285 414 311 414 311 448 285 448 neuron 0
293 387 317 387 317 420 293 420 neuron 0
337 519 359 519 359 555 337 555 neuron 0
335 506 354 506 354 535 335 535 neuron 0
272 282 296 282 296 317 272 317 neuron 0
241 275 267 275 267 306 241 306 neuron 0
252 257 276 257 276 287 252 287 neuron 0
229 236 257 236 257 268 229 268 neuron 0
334 397 367 397 367 436 334 436 neuron 0
369 380 394 380 394 411 369 411 neuron 0
406 456 428 456 428 490 406 490 neuron 0
439 378 463 378 463 409 439 409 neuron 0
453 367 476 367 476 396 453 396 neuron 0
449 349 473 349 473 377 449 377 neuron 0
468 369 494 369 494 395 468 395 neuron 0
473 322 494 322 494 351 473 351 neuron 0
527 399 550 399 550 428 527 428 neuron 0
525 419 550 419 550 450 525 450 neuron 0
544 429 568 429 568 459 544 459 neuron 0
538 461 558 461 558 489 538 489 neuron 0
563 459 584 459 584 488 563 488 neuron 0
557 436 579 436 579 468 557 468 neuron 0
573 442 595 442 595 472 573 472 neuron 0
550 463 572 463 572 494 550 494 neuron 0
579 467 603 467 603 498 579 498 neuron 0
585 485 606 485 606 513 585 513 neuron 0
593 520 617 520 617 553 593 553 neuron 0
621 565 640 565 640 603 621 603 neuron 0
615 445 640 445 640 474 615 474 neuron 0
487 309 508 309 508 338 487 338 neuron 0
499 300 520 300 520 327 499 327 neuron 0
514 408 537 408 537 434 514 434 neuron 0
506 281 525 281 525 310 506 310 neuron 0
518 280 537 280 537 312 518 312 neuron 0
492 227 513 227 513 261 492 261 neuron 0
523 177 545 177 545 211 523 211 neuron 0
504 172 529 172 529 202 504 202 neuron 0
479 272 503 272 503 300 479 300 neuron 0
482 290 503 290 503 321 482 321 neuron 0
446 127 470 127 470 165 446 165 neuron 0
538 137 560 137 560 170 538 170 neuron 0
611 100 637 100 637 131 611 131 neuron 0
578 69 600 69 600 102 578 102 neuron 0
413 49 436 49 436 83 413 83 neuron 0
213 204 237 204 237 240 213 240 neuron 0
223 156 248 156 248 188 223 188 neuron 0
239 137 263 137 263 167 239 167 neuron 0
347 8 369 8 369 40 347 40 neuron 0
361 6 384 6 384 35 361 35 neuron 0
379 0 404 0 404 32 379 32 neuron 0
378 28 404 28 404 57 378 57 neuron 0
298 19 324 19 324 50 298 50 neuron 0
314 8 338 8 338 40 314 40 neuron 0
73 108 96 108 96 147 73 147 neuron 0
176 104 197 104 197 134 176 134 neuron 0
118 20 140 20 140 54 118 54 neuron 0
39 55 64 55 64 89 39 89 neuron 0
38 34 61 34 61 66 38 66 neuron 0