105 463 131 463 131 500 105 500 neuron 0
111 353 135 353 135 384 111 384 neuron 0
174 361 198 361 198 391 174 391 neuron 0
203 584 229 584 229 615 203 615 neuron 0
162 496 189 496 189 531 162 531 neuron 0
234 510 258 510 258 542 234 542 neuron 0
242 555 263 555 263 585 242 585 neuron 0
255 555 276 555 276 584 255 584 neuron 0
268 554 287 554 287 585 268 585 neuron 0
266 521 287 521 287 553 266 553 neuron 0
279 546 304 546 304 577 279 577 neuron 0
279 567 303 567 303 598 279 598 neuron 0
205 300 225 300 225 329 205 329 neuron 0
209 277 230 277 230 308 209 308 neuron 0
246 284 268 284 268 315 246 315 neuron 0
248 268 271 268 271 294 248 294 neuron 0
160 219 182 219 182 249 160 249 neuron 0
191 200 212 200 212 228 191 228 neuron 0
155 188 175 188 175 219 155 219 neuron 0
205 181 227 181 227 215 205 215 neuron 0
249 180 273 180 273 210 249 210 neuron 0
214 195 235 195 235 223 214 223 neuron 0
196 154 218 154 218 183 196 183 neuron 0
287 177 308 177 308 208 287 208 neuron 0
313 184 338 184 338 214 313 214 neuron 0
320 156 342 156 342 186 320 186 neuron 0
342 487 367 487 367 518 342 518 neuron 0
410 464 432 464 432 496 410 496 neuron 0
416 451 440 451 440 478 416 478 neuron 0
432 448 452 448 452 471 432 471 neuron 0
449 434 473 434 473 463 449 463 neuron 0
496 371 519 371 519 403 496 403 neuron 0
537 363 561 363 561 394 537 394 neuron 0
548 373 569 373 569 405 548 405 neuron 0
597 489 620 489 620 522 597 522 neuron 0
610 509 629 509 629 539 610 539 neuron 0
613 258 638 258 638 292 613 292 neuron 0
567 262 593 262 593 292 567 292 neuron 0
566 240 590 240 590 272 566 272 neuron 0
437 186 463 186 463 215 437 215 neuron 0
460 211 482 211 482 240 460 240 neuron 0
459 194 484 194 484 223 459 223 neuron 0
474 226 495 226 495 251 474 251 neuron 0
437 219 459 219 459 248 437 248 neuron 0
445 242 471 242 471 270 445 270 neuron 0
474 204 495 204 495 235 474 235 neuron 0
513 53 539 53 539 87 513 87 neuron 0
591 142 615 142 615 178 591 178 neuron 0
334 95 358 95 358 129 334 129 neuron 0
339 129 363 129 363 158 339 158 neuron 0
328 132 347 132 347 160 328 160 neuron 0
329 28 354 28 354 57 329 57 neuron 0
294 0 318 0 318 27 294 27 neuron 0
266 44 287 44 287 78 266 78 neuron 0
157 150 181 150 181 183 157 183 neuron 0
175 141 198 141 198 171 175 171 neuron 0
179 98 200 98 200 129 179 129 neuron 0
164 108 187 108 187 136 164 136 neuron 0
154 102 175 102 175 139 154 139 neuron 0
190 98 199 98 199 110 190 110 neuron 0
150 169 171 169 171 198 150 198 neuron 0
172 126 194 126 194 155 172 155 neuron 0
180 69 202 69 202 100 180 100 neuron 0
85 45 107 45 107 73 85 73 neuron 0
81 10 108 10 108 43 81 43 neuron 0