495 606 518 606 518 640 495 640 neuron 0
502 580 527 580 527 616 502 616 neuron 0
574 601 599 601 599 635 574 635 neuron 0
526 522 553 522 553 562 526 562 neuron 0
543 500 567 500 567 539 543 539 neuron 0
559 447 582 447 582 491 559 491 neuron 0
535 386 565 386 565 422 535 422 neuron 0
595 285 622 285 622 323 595 323 neuron 0
566 279 594 279 594 317 566 317 neuron 0
433 411 460 411 460 445 433 445 neuron 0
378 579 404 579 404 620 378 620 neuron 0
364 606 390 606 390 638 364 638 neuron 0
365 577 386 577 386 615 365 615 neuron 0
341 596 365 596 365 625 341 625 neuron 0
348 576 371 576 371 609 348 609 neuron 0
331 573 354 573 354 607 331 607 neuron 0
493 503 521 503 521 539 493 539 neuron 0
502 476 524 476 524 511 502 511 neuron 0
425 476 452 476 452 511 425 511 neuron 0
427 455 457 455 457 491 427 491 neuron 0
394 472 423 472 423 508 394 508 neuron 0
379 484 402 484 402 521 379 521 neuron 0
624 415 640 415 640 452 624 452 neuron 0
428 354 455 354 455 394 428 394 neuron 0
445 320 472 320 472 360 445 360 neuron 0
431 316 456 316 456 353 431 353 neuron 0
473 293 500 293 500 332 473 332 neuron 0
502 255 527 255 527 293 502 293 neuron 0
486 248 512 248 512 281 486 281 neuron 0
518 219 545 219 545 257 518 257 neuron 0
578 96 605 96 605 137 578 137 neuron 0
578 39 606 39 606 81 578 81 neuron 0
532 75 562 75 562 112 532 112 neuron 0
545 59 567 59 567 89 545 89 neuron 0
530 49 553 49 553 84 530 84 neuron 0
488 23 518 23 518 63 488 63 neuron 0
444 22 472 22 472 66 444 66 neuron 0
274 582 304 582 304 622 274 622 neuron 0
258 563 287 563 287 599 258 599 neuron 0
252 538 280 538 280 574 252 574 neuron 0
270 512 296 512 296 545 270 545 neuron 0
316 534 339 534 339 566 316 566 neuron 0
328 516 351 516 351 552 328 552 neuron 0
308 506 329 506 329 538 308 538 neuron 0
275 489 303 489 303 523 275 523 neuron 0
149 547 176 547 176 585 149 585 neuron 0
352 432 378 432 378 476 352 476 neuron 0
340 419 366 419 366 455 340 455 neuron 0
342 391 370 391 370 429 342 429 neuron 0
286 421 312 421 312 459 286 459 neuron 0
282 389 309 389 309 431 282 431 neuron 0
247 415 274 415 274 453 247 453 neuron 0
228 419 254 419 254 456 228 456 neuron 0
192 467 219 467 219 504 192 504 neuron 0
165 487 192 487 192 521 165 521 neuron 0
145 493 172 493 172 528 145 528 neuron 0
146 476 176 476 176 505 146 505 neuron 0
263 338 290 338 290 378 263 378 neuron 0
282 284 308 284 308 325 282 325 neuron 0
411 311 435 311 435 345 411 345 neuron 0
393 299 416 299 416 333 393 333 neuron 0
383 282 406 282 406 318 383 318 neuron 0
398 264 422 264 422 295 398 295 neuron 0
405 215 433 215 433 252 405 252 neuron 0
354 111 380 111 380 149 354 149 neuron 0
335 101 360 101 360 143 335 143 neuron 0
287 211 317 211 317 256 287 256 neuron 0
195 364 227 364 227 405 195 405 neuron 0
190 416 219 416 219 457 190 457 neuron 0
180 250 208 250 208 290 180 290 neuron 0
199 247 221 247 221 280 199 280 neuron 0
204 225 230 225 230 259 204 259 neuron 0
184 225 211 225 211 259 184 259 neuron 0
6 557 31 557 31 595 6 595 neuron 0
14 468 43 468 43 504 14 504 neuron 0
40 452 66 452 66 484 40 484 neuron 0
75 447 101 447 101 480 75 480 neuron 0
73 423 98 423 98 456 73 456 neuron 0
46 428 71 428 71 464 46 464 neuron 0
27 429 53 429 53 467 27 467 neuron 0
92 384 120 384 120 421 92 421 neuron 0
16 259 44 259 44 299 16 299 neuron 0
40 205 66 205 66 247 40 247 neuron 0
72 224 99 224 99 257 72 257 neuron 0
92 183 119 183 119 220 92 220 neuron 0
87 155 112 155 112 193 87 193 neuron 0
6 376 44 376 44 427 6 427 neuron 0
120 105 149 105 149 147 120 147 neuron 0
160 71 189 71 189 107 160 107 neuron 0
95 95 118 95 118 128 95 128 neuron 0
88 69 113 69 113 104 88 104 neuron 0
75 45 99 45 99 87 75 87 neuron 0
285 32 311 32 311 68 285 68 neuron 0