573 603 599 603 599 637 573 637 neuron 0
493 606 519 606 519 640 493 640 neuron 0
502 582 526 582 526 618 502 618 neuron 0
526 521 552 521 552 560 526 560 neuron 0
543 503 568 503 568 540 543 540 neuron 0
496 506 520 506 520 542 496 542 neuron 0
501 483 526 483 526 516 501 516 neuron 0
556 449 583 449 583 495 556 495 neuron 0
623 416 640 416 640 451 623 451 neuron 0
534 388 565 388 565 427 534 427 neuron 0
593 285 619 285 619 324 593 324 neuron 0
565 280 591 280 591 321 565 321 neuron 0
377 579 403 579 403 623 377 623 neuron 0
363 604 390 604 390 640 363 640 neuron 0
363 578 385 578 385 614 363 614 neuron 0
348 576 373 576 373 611 348 611 neuron 0
340 597 366 597 366 631 340 631 neuron 0
331 575 355 575 355 611 331 611 neuron 0
273 589 303 589 303 623 273 623 neuron 0
259 567 285 567 285 603 259 603 neuron 0
253 542 281 542 281 574 253 574 neuron 0
316 532 340 532 340 569 316 569 neuron 0
327 520 355 520 355 557 327 557 neuron 0
308 504 330 504 330 544 308 544 neuron 0
272 516 298 516 298 551 272 551 neuron 0
274 494 301 494 301 526 274 526 neuron 0
377 485 405 485 405 524 377 524 neuron 0
396 475 421 475 421 508 396 508 neuron 0
423 479 452 479 452 512 423 512 neuron 0
424 456 455 456 455 492 424 492 neuron 0
432 411 460 411 460 447 432 447 neuron 0
351 438 378 438 378 482 351 482 neuron 0
337 424 366 424 366 457 337 457 neuron 0
343 395 371 395 371 436 343 436 neuron 0
429 359 455 359 455 399 429 399 neuron 0
445 323 471 323 471 363 445 363 neuron 0
431 318 456 318 456 350 431 350 neuron 0
472 299 500 299 500 333 472 333 neuron 0
500 259 526 259 526 295 500 295 neuron 0
487 249 514 249 514 283 487 283 neuron 0
518 221 546 221 546 259 518 259 neuron 0
409 313 437 313 437 351 409 351 neuron 0
392 301 416 301 416 336 392 336 neuron 0
380 280 408 280 408 317 380 317 neuron 0
398 265 422 265 422 300 398 300 neuron 0
407 215 433 215 433 257 407 257 neuron 0
577 99 602 99 602 139 577 139 neuron 0
549 99 575 99 575 141 549 141 neuron 0
531 76 556 76 556 112 531 112 neuron 0
550 70 573 70 573 106 550 106 neuron 0
529 49 552 49 552 84 529 84 neuron 0
578 41 606 41 606 84 578 84 neuron 0
487 25 517 25 517 64 487 64 neuron 0
446 23 470 23 470 68 446 68 neuron 0
149 548 176 548 176 589 149 589 neuron 0
6 559 31 559 31 600 6 600 neuron 0
147 493 170 493 170 532 147 532 neuron 0
164 487 190 487 190 524 164 524 neuron 0
192 469 222 469 222 507 192 507 neuron 0
228 417 254 417 254 459 228 459 neuron 0
247 419 272 419 272 453 247 453 neuron 0
285 423 311 423 311 464 285 464 neuron 0
281 385 308 385 308 428 281 428 neuron 0
262 339 290 339 290 379 262 379 neuron 0
198 367 226 367 226 405 198 405 neuron 0
190 419 218 419 218 461 190 461 neuron 0
282 285 309 285 309 331 282 331 neuron 0
288 215 317 215 317 257 288 257 neuron 0
182 251 209 251 209 289 182 289 neuron 0
200 247 223 247 223 284 200 284 neuron 0
204 227 228 227 228 257 204 257 neuron 0
182 226 210 226 210 258 182 258 neuron 0
350 111 379 111 379 152 350 152 neuron 0
335 103 359 103 359 144 335 144 neuron 0
298 50 327 50 327 94 298 94 neuron 0
282 32 311 32 311 73 282 73 neuron 0
73 448 100 448 100 480 73 480 neuron 0
70 423 98 423 98 460 70 460 neuron 0
92 384 119 384 119 425 92 425 neuron 0
41 458 66 458 66 490 41 490 neuron 0
44 432 72 432 72 468 44 468 neuron 0
28 435 52 435 52 469 28 469 neuron 0
11 469 44 469 44 508 11 508 neuron 0
19 392 45 392 45 431 19 431 neuron 0
6 379 34 379 34 413 6 413 neuron 0
13 260 46 260 46 303 13 303 neuron 0
39 205 66 205 66 252 39 252 neuron 0
71 227 100 227 100 260 71 260 neuron 0
94 184 120 184 120 221 94 221 neuron 0
85 155 112 155 112 196 85 196 neuron 0
120 104 148 104 148 147 120 147 neuron 0
159 74 188 74 188 110 159 110 neuron 0
94 97 119 97 119 136 94 136 neuron 0
75 49 114 49 114 107 75 107 neuron 0