565 613 592 613 592 640 565 640 neuron 0
483 622 509 622 509 640 483 640 neuron 0
491 597 518 597 518 632 491 632 neuron 0
521 537 549 537 549 575 521 575 neuron 0
536 516 563 516 563 553 536 553 neuron 0
497 514 526 514 526 550 497 550 neuron 0
491 488 513 488 513 528 491 528 neuron 0
614 432 640 432 640 468 614 468 neuron 0
549 456 578 456 578 500 549 500 neuron 0
517 404 545 404 545 441 517 441 neuron 0
603 284 631 284 631 320 603 320 neuron 0
553 273 582 273 582 312 553 312 neuron 0
515 219 539 219 539 263 515 263 neuron 0
568 111 597 111 597 147 568 147 neuron 0
569 52 599 52 599 97 569 97 neuron 0
523 62 549 62 549 98 523 98 neuron 0
486 36 513 36 513 75 486 75 neuron 0
437 26 467 26 467 70 437 70 neuron 0
525 91 553 91 553 128 525 128 neuron 0
339 119 367 119 367 159 339 159 neuron 0
326 104 352 104 352 151 326 151 neuron 0
272 71 297 71 297 113 272 113 neuron 0
278 219 306 219 306 269 278 269 neuron 0
398 221 425 221 425 267 398 267 neuron 0
276 277 302 277 302 324 276 324 neuron 0
493 252 519 252 519 291 493 291 neuron 0
483 279 511 279 511 315 483 315 neuron 0
463 302 492 302 492 342 463 342 neuron 0
449 304 473 304 473 348 449 348 neuron 0
432 316 458 316 458 359 432 359 neuron 0
404 319 431 319 431 356 404 356 neuron 0
392 273 419 273 419 316 392 316 neuron 0
381 292 412 292 412 333 381 333 neuron 0
374 314 404 314 404 350 374 350 neuron 0
417 491 447 491 447 521 417 521 neuron 0
423 468 448 468 448 503 423 503 neuron 0
413 467 433 467 433 503 413 503 neuron 0
445 435 474 435 474 472 445 472 neuron 0
416 393 444 393 444 435 416 435 neuron 0
390 476 418 476 418 516 390 516 neuron 0
370 487 400 487 400 527 370 527 neuron 0
342 448 366 448 366 491 342 491 neuron 0
342 421 369 421 369 460 342 460 neuron 0
329 438 353 438 353 474 329 474 neuron 0
366 588 392 588 392 627 366 627 neuron 0
354 579 375 579 375 616 354 616 neuron 0
351 608 382 608 382 640 351 640 neuron 0
338 585 362 585 362 623 338 623 neuron 0
322 597 349 597 349 632 322 632 neuron 0
320 575 348 575 348 608 320 608 neuron 0
315 521 343 521 343 563 315 563 neuron 0
304 535 329 535 329 573 304 573 neuron 0
298 507 323 507 323 544 298 544 neuron 0
259 592 289 592 289 624 259 624 neuron 0
247 570 277 570 277 606 247 606 neuron 0
243 545 272 545 272 580 243 580 neuron 0
252 505 275 505 275 544 252 544 neuron 0
265 492 291 492 291 531 265 531 neuron 0
279 436 305 436 305 475 279 475 neuron 0
276 412 301 412 301 448 276 448 neuron 0
138 554 167 554 167 594 138 594 neuron 0
136 491 166 491 166 528 136 528 neuron 0
162 488 194 488 194 525 162 525 neuron 0
194 468 226 468 226 508 194 508 neuron 0
222 424 250 424 250 467 222 467 neuron 0
241 413 266 413 266 456 241 456 neuron 0
260 381 284 381 284 423 260 423 neuron 0
249 372 270 372 270 416 249 416 neuron 0
253 340 281 340 281 381 253 381 neuron 0
187 367 216 367 216 409 187 409 neuron 0
66 447 94 447 94 481 66 481 neuron 0
80 400 109 400 109 439 80 439 neuron 0
90 420 123 420 123 468 90 468 neuron 0
10 467 44 467 44 501 10 501 neuron 0
26 429 67 429 67 488 26 488 neuron 0
21 451 49 451 49 485 21 485 neuron 0
8 391 36 391 36 435 8 435 neuron 0
195 248 217 248 217 281 195 281 neuron 0
179 247 205 247 205 285 179 285 neuron 0
200 224 224 224 224 263 200 263 neuron 0
182 221 208 221 208 260 182 260 neuron 0
99 189 125 189 125 232 99 232 neuron 0
77 206 105 206 105 246 77 246 neuron 0
30 218 57 218 57 262 30 262 neuron 0
5 261 37 261 37 300 5 300 neuron 0
81 144 112 144 112 191 81 191 neuron 0
146 63 174 63 174 101 146 101 neuron 0
111 108 138 108 138 147 111 147 neuron 0
68 27 96 27 96 67 68 67 neuron 0
44 38 72 38 72 82 44 82 neuron 0
42 9 70 9 70 48 42 48 neuron 0