564 612 592 612 592 640 564 640 neuron 0
483 620 509 620 509 640 483 640 neuron 0
492 596 515 596 515 631 492 631 neuron 0
523 539 549 539 549 573 523 573 neuron 0
537 516 561 516 561 553 537 553 neuron 0
624 499 640 499 640 537 624 537 neuron 0
613 428 640 428 640 465 613 465 neuron 0
550 452 578 452 578 501 550 501 neuron 0
496 515 525 515 525 547 496 547 neuron 0
492 487 516 487 516 525 492 525 neuron 0
515 407 544 407 544 441 515 441 neuron 0
448 436 475 436 475 471 448 471 neuron 0
417 489 447 489 447 520 417 520 neuron 0
422 468 445 468 445 499 422 499 neuron 0
411 467 433 467 433 497 411 497 neuron 0
373 487 398 487 398 525 373 525 neuron 0
341 452 366 452 366 492 341 492 neuron 0
341 423 368 423 368 463 341 463 neuron 0
327 436 350 436 350 473 327 473 neuron 0
417 395 444 395 444 436 417 436 neuron 0
404 318 431 318 431 354 404 354 neuron 0
391 318 413 318 413 358 391 358 neuron 0
372 312 400 312 400 349 372 349 neuron 0
383 291 410 291 410 329 383 329 neuron 0
393 272 419 272 419 313 393 313 neuron 0
433 318 458 318 458 354 433 354 neuron 0
450 304 472 304 472 347 450 347 neuron 0
467 303 490 303 490 340 467 340 neuron 0
483 278 510 278 510 314 483 314 neuron 0
490 255 517 255 517 288 490 288 neuron 0
513 220 539 220 539 261 513 261 neuron 0
552 272 580 272 580 313 552 313 neuron 0
604 284 630 284 630 323 604 323 neuron 0
571 109 599 109 599 151 571 151 neuron 0
542 129 566 129 566 167 542 167 neuron 0
528 91 555 91 555 124 528 124 neuron 0
569 54 597 54 597 98 569 98 neuron 0
524 63 550 63 550 100 524 100 neuron 0
489 38 517 38 517 78 489 78 neuron 0
438 23 464 23 464 69 438 69 neuron 0
397 220 426 220 426 264 397 264 neuron 0
341 116 368 116 368 159 341 159 neuron 0
326 107 352 107 352 152 326 152 neuron 0
271 71 301 71 301 116 271 116 neuron 0
278 223 308 223 308 267 278 267 neuron 0
275 278 302 278 302 326 275 326 neuron 0
278 439 304 439 304 476 278 476 neuron 0
275 414 301 414 301 450 275 450 neuron 0
240 416 268 416 268 457 240 457 neuron 0
221 425 249 425 249 464 221 464 neuron 0
249 374 273 374 273 414 249 414 neuron 0
253 341 283 341 283 383 253 383 neuron 0
188 366 219 366 219 410 188 410 neuron 0
351 612 381 612 381 640 351 640 neuron 0
365 587 393 587 393 627 365 627 neuron 0
352 579 376 579 376 611 352 611 neuron 0
339 585 362 585 362 620 339 620 neuron 0
324 596 352 596 352 632 324 632 neuron 0
320 574 348 574 348 610 320 610 neuron 0
307 533 332 533 332 575 307 575 neuron 0
319 524 343 524 343 561 319 561 neuron 0
296 508 321 508 321 549 296 549 neuron 0
258 591 290 591 290 627 258 627 neuron 0
249 571 278 571 278 605 249 605 neuron 0
241 547 272 547 272 580 241 580 neuron 0
251 504 277 504 277 544 251 544 neuron 0
266 493 290 493 290 531 266 531 neuron 0
139 554 166 554 166 594 139 594 neuron 0
135 491 165 491 165 528 135 528 neuron 0
160 488 193 488 193 528 160 528 neuron 0
193 467 226 467 226 508 193 508 neuron 0
93 418 121 418 121 466 93 466 neuron 0
81 400 108 400 108 437 81 437 neuron 0
66 448 95 448 95 481 66 481 neuron 0
60 427 89 427 89 460 60 460 neuron 0
41 451 67 451 67 487 41 487 neuron 0
10 467 45 467 45 501 10 501 neuron 0
29 431 53 431 53 464 29 464 neuron 0
21 449 48 449 48 479 21 479 neuron 0
8 395 35 395 35 432 8 432 neuron 0
6 263 35 263 35 300 6 300 neuron 0
30 220 56 220 56 263 30 263 neuron 0
78 207 104 207 104 247 78 247 neuron 0
100 191 126 191 126 232 100 232 neuron 0
180 248 204 248 204 284 180 284 neuron 0
194 246 216 246 216 282 194 282 neuron 0
200 225 224 225 224 263 200 263 neuron 0
182 221 208 221 208 255 182 255 neuron 0
81 146 113 146 113 194 81 194 neuron 0
112 108 140 108 140 149 112 149 neuron 0
89 103 115 103 115 141 89 141 neuron 0
73 99 96 99 96 135 73 135 neuron 0
147 63 175 63 175 100 147 100 neuron 0
70 51 96 51 96 87 70 87 neuron 0
59 40 79 40 79 75 59 75 neuron 0
68 27 97 27 97 60 68 60 neuron 0
41 36 69 36 69 80 41 80 neuron 0
41 12 68 12 68 45 41 45 neuron 0
48 1 74 1 74 31 48 31 neuron 0