562 595 589 595 589 629 562 629 neuron 0
609 464 631 464 631 503 609 503 neuron 0
615 421 638 421 638 459 615 459 neuron 0
595 431 622 431 622 473 595 473 neuron 0
553 441 579 441 579 484 553 484 neuron 0
529 523 553 523 553 559 529 559 neuron 0
539 504 565 504 565 541 539 541 neuron 0
506 500 531 500 531 533 506 533 neuron 0
489 467 514 467 514 509 489 509 neuron 0
488 590 514 590 514 634 488 634 neuron 0
517 389 548 389 548 427 517 427 neuron 0
603 274 628 274 628 306 603 306 neuron 0
548 259 576 259 576 301 548 301 neuron 0
477 273 504 273 504 307 477 307 neuron 0
458 284 485 284 485 332 458 332 neuron 0
484 249 512 249 512 284 484 284 neuron 0
515 217 539 217 539 260 515 260 neuron 0
537 125 564 125 564 163 537 163 neuron 0
543 99 570 99 570 136 543 136 neuron 0
568 100 595 100 595 141 568 141 neuron 0
570 72 599 72 599 107 570 107 neuron 0
567 43 595 43 595 81 567 81 neuron 0
542 67 567 67 567 107 542 107 neuron 0
521 73 541 73 541 111 521 111 neuron 0
482 21 510 21 510 64 482 64 neuron 0
433 13 463 13 463 56 433 56 neuron 0
351 598 378 598 378 630 351 630 neuron 0
363 576 392 576 392 617 363 617 neuron 0
351 564 374 564 374 599 351 599 neuron 0
340 575 360 575 360 607 340 607 neuron 0
325 587 351 587 351 621 325 621 neuron 0
319 563 346 563 346 597 319 597 neuron 0
303 523 327 523 327 561 303 561 neuron 0
316 508 337 508 337 544 316 544 neuron 0
368 476 400 476 400 512 368 512 neuron 0
419 474 448 474 448 506 419 506 neuron 0
400 463 423 463 423 497 400 497 neuron 0
412 448 443 448 443 481 412 481 neuron 0
434 423 462 423 462 456 434 456 neuron 0
341 435 369 435 369 477 341 477 neuron 0
323 429 349 429 349 464 323 464 neuron 0
337 411 362 411 362 447 337 447 neuron 0
373 386 402 386 402 438 373 438 neuron 0
412 383 435 383 435 420 412 420 neuron 0
403 359 430 359 430 395 403 395 neuron 0
424 320 450 320 450 357 424 357 neuron 0
406 319 431 319 431 353 406 353 neuron 0
393 307 416 307 416 340 393 340 neuron 0
376 299 402 299 402 337 376 337 neuron 0
350 292 378 292 378 335 350 335 neuron 0
389 261 415 261 415 304 389 304 neuron 0
396 215 424 215 424 252 396 252 neuron 0
259 587 286 587 286 616 259 616 neuron 0
251 568 276 568 276 596 251 596 neuron 0
246 538 272 538 272 574 246 574 neuron 0
248 491 268 491 268 529 248 529 neuron 0
262 484 285 484 285 521 262 521 neuron 0
275 425 303 425 303 459 275 459 neuron 0
272 399 301 399 301 433 272 433 neuron 0
242 395 268 395 268 437 242 437 neuron 0
220 402 247 402 247 446 220 446 neuron 0
187 459 216 459 216 496 187 496 neuron 0
165 473 199 473 199 520 165 520 neuron 0
136 535 163 535 163 576 136 576 neuron 0
132 477 159 477 159 512 132 512 neuron 0
181 353 208 353 208 395 181 395 neuron 0
252 327 280 327 280 367 252 367 neuron 0
275 272 300 272 300 317 275 317 neuron 0
280 207 305 207 305 256 280 256 neuron 0
66 436 92 436 92 469 66 469 neuron 0
61 417 86 417 86 447 61 447 neuron 0
80 379 105 379 105 415 80 415 neuron 0
9 441 42 441 42 468 9 468 neuron 0
33 435 61 435 61 464 33 464 neuron 0
26 408 52 408 52 447 26 447 neuron 0
9 411 33 411 33 448 9 448 neuron 0
8 377 33 377 33 415 8 415 neuron 0
20 360 45 360 45 388 20 388 neuron 0
3 244 35 244 35 284 3 284 neuron 0
30 194 53 194 53 238 30 238 neuron 0
68 191 95 191 95 231 68 231 neuron 0
90 177 115 177 115 215 90 215 neuron 0
180 221 216 221 216 263 180 263 neuron 0
198 200 221 200 221 231 198 231 neuron 0
179 199 206 199 206 231 179 231 neuron 0
76 138 104 138 104 182 76 182 neuron 0
102 75 129 75 129 115 102 115 neuron 0
132 44 161 44 161 83 132 83 neuron 0
61 68 86 68 86 105 61 105 neuron 0
82 63 108 63 108 97 82 97 neuron 0
60 45 90 45 90 80 60 80 neuron 0
77 32 106 32 106 72 77 72 neuron 0
39 22 66 22 66 62 39 62 neuron 0
52 4 79 4 79 47 52 47 neuron 0
38 0 61 0 61 29 38 29 neuron 0
342 101 368 101 368 147 342 147 neuron 0
324 99 349 99 349 143 324 143 neuron 0
271 68 295 68 295 112 271 112 neuron 0
284 58 310 58 310 98 284 98 neuron 0