564 596 589 596 589 631 564 631 neuron 0
488 595 514 595 514 635 488 635 neuron 0
529 524 552 524 552 559 529 559 neuron 0
540 503 566 503 566 541 540 541 neuron 0
506 501 533 501 533 535 506 535 neuron 0
489 469 514 469 514 511 489 511 neuron 0
552 437 579 437 579 484 552 484 neuron 0
618 492 640 492 640 531 618 531 neuron 0
595 433 625 433 625 475 595 475 neuron 0
614 421 638 421 638 460 614 460 neuron 0
516 394 548 394 548 430 516 430 neuron 0
605 273 629 273 629 311 605 311 neuron 0
549 259 574 259 574 304 549 304 neuron 0
515 220 541 220 541 259 515 259 neuron 0
486 244 513 244 513 281 486 281 neuron 0
477 269 507 269 507 304 477 304 neuron 0
458 288 484 288 484 331 458 331 neuron 0
437 420 464 420 464 456 437 456 neuron 0
419 475 450 475 450 509 419 509 neuron 0
411 447 445 447 445 483 411 483 neuron 0
400 461 423 461 423 499 400 499 neuron 0
567 104 594 104 594 140 567 140 neuron 0
537 123 565 123 565 164 537 164 neuron 0
546 100 571 100 571 135 546 135 neuron 0
521 75 543 75 543 116 521 116 neuron 0
562 43 595 43 595 84 562 84 neuron 0
484 23 512 23 512 65 484 65 neuron 0
434 14 462 14 462 58 434 58 neuron 0
350 597 378 597 378 631 350 631 neuron 0
366 575 391 575 391 619 366 619 neuron 0
353 565 373 565 373 604 353 604 neuron 0
337 576 359 576 359 609 337 609 neuron 0
324 587 350 587 350 621 324 621 neuron 0
319 563 345 563 345 599 319 599 neuron 0
319 533 343 533 343 571 319 571 neuron 0
303 524 327 524 327 564 303 564 neuron 0
315 508 339 508 339 547 315 547 neuron 0
328 492 359 492 359 528 328 528 neuron 0
368 476 399 476 399 513 368 513 neuron 0
341 438 365 438 365 478 341 478 neuron 0
360 423 383 423 383 460 360 460 neuron 0
375 388 401 388 401 435 375 435 neuron 0
410 384 436 384 436 423 410 423 neuron 0
425 367 446 367 446 400 425 400 neuron 0
404 361 430 361 430 400 404 400 neuron 0
365 346 398 346 398 398 365 398 neuron 0
422 323 449 323 449 361 422 361 neuron 0
406 320 431 320 431 357 406 357 neuron 0
393 305 416 305 416 348 393 348 neuron 0
375 304 401 304 401 341 375 341 neuron 0
388 263 417 263 417 307 388 307 neuron 0
397 214 423 214 423 258 397 258 neuron 0
259 588 287 588 287 619 259 619 neuron 0
247 565 278 565 278 599 247 599 neuron 0
246 537 271 537 271 575 246 575 neuron 0
246 497 271 497 271 531 246 531 neuron 0
261 484 285 484 285 525 261 525 neuron 0
324 424 347 424 347 464 324 464 neuron 0
337 411 359 411 359 447 337 447 neuron 0
275 425 303 425 303 460 275 460 neuron 0
306 427 329 427 329 460 306 460 neuron 0
274 400 299 400 299 436 274 436 neuron 0
137 536 163 536 163 577 137 577 neuron 0
166 476 196 476 196 519 166 519 neuron 0
188 460 217 460 217 496 188 496 neuron 0
132 480 161 480 161 515 132 515 neuron 0
222 408 247 408 247 447 222 447 neuron 0
240 399 268 399 268 437 240 437 neuron 0
252 325 278 325 278 368 252 368 neuron 0
272 271 302 271 302 323 272 323 neuron 0
277 203 304 203 304 253 277 253 neuron 0
180 358 207 358 207 398 180 398 neuron 0
78 375 106 375 106 420 78 420 neuron 0
66 439 92 439 92 475 66 475 neuron 0
58 416 86 416 86 451 58 451 neuron 0
11 440 44 440 44 471 11 471 neuron 0
35 437 60 437 60 468 35 468 neuron 0
27 407 53 407 53 448 27 448 neuron 0
8 412 35 412 35 451 8 451 neuron 0
5 379 34 379 34 417 5 417 neuron 0
3 246 33 246 33 286 3 286 neuron 0
28 189 53 189 53 239 28 239 neuron 0
69 192 94 192 94 231 69 231 neuron 0
91 179 117 179 117 215 91 215 neuron 0
180 231 207 231 207 264 180 264 neuron 0
194 226 217 226 217 258 194 258 neuron 0
198 200 225 200 225 235 198 235 neuron 0
180 196 206 196 206 239 180 239 neuron 0
74 137 104 137 104 183 74 183 neuron 0
101 70 129 70 129 114 101 114 neuron 0
133 44 161 44 161 84 133 84 neuron 0
82 36 104 36 104 69 82 69 neuron 0
68 27 92 27 92 61 68 61 neuron 0
40 23 67 23 67 60 40 60 neuron 0
53 4 76 4 76 47 53 47 neuron 0
36 0 60 0 60 29 36 29 neuron 0
269 72 295 72 295 112 269 112 neuron 0
284 59 307 59 307 99 284 99 neuron 0
321 100 347 100 347 137 321 137 neuron 0
339 105 366 105 366 144 339 144 neuron 0