15 347 42 347 42 380 15 380 neuron 0
3 325 30 325 30 356 3 356 neuron 0
63 313 85 313 85 344 63 344 neuron 0
76 318 109 318 109 359 76 359 neuron 0
111 294 137 294 137 330 111 330 neuron 0
115 374 124 374 124 386 115 386 neuron 0
120 375 129 375 129 387 120 387 neuron 0
94 363 120 363 120 395 94 395 neuron 0
113 366 135 366 135 396 113 396 neuron 0
4 419 25 419 25 459 4 459 neuron 0
137 589 162 589 162 623 137 623 neuron 0
168 538 189 538 189 568 168 568 neuron 0
173 577 196 577 196 609 173 609 neuron 0
162 454 184 454 184 483 162 483 neuron 0
186 447 208 447 208 480 186 480 neuron 0
193 416 219 416 219 450 193 450 neuron 0
199 397 223 397 223 427 199 427 neuron 0
186 221 210 221 210 256 186 256 neuron 0
236 340 257 340 257 371 236 371 neuron 0
243 323 265 323 265 354 243 354 neuron 0
239 276 260 276 260 307 239 307 neuron 0
228 270 250 270 250 301 228 301 neuron 0
226 238 246 238 246 268 226 268 neuron 0
241 234 261 234 261 260 241 260 neuron 0
265 246 287 246 287 277 265 277 neuron 0
219 195 243 195 243 229 219 229 neuron 0
268 571 293 571 293 602 268 602 neuron 0
264 611 288 611 288 640 264 640 neuron 0
257 241 277 241 277 269 257 269 neuron 0
339 603 363 603 363 637 339 637 neuron 0
479 615 503 615 503 640 479 640 neuron 0
493 604 515 604 515 634 493 634 neuron 0
552 558 575 558 575 587 552 587 neuron 0
534 526 559 526 559 557 534 557 neuron 0
541 509 566 509 566 534 541 534 neuron 0
564 493 586 493 586 521 564 521 neuron 0
570 480 593 480 593 510 570 510 neuron 0
512 481 534 481 534 509 512 509 neuron 0
528 484 549 484 549 513 528 513 neuron 0
538 478 559 478 559 509 538 509 neuron 0
526 462 547 462 547 490 526 490 neuron 0
510 434 529 434 529 468 510 468 neuron 0
529 422 551 422 551 452 529 452 neuron 0
461 446 484 446 484 472 461 472 neuron 0
442 430 466 430 466 459 442 459 neuron 0
501 288 523 288 523 322 501 322 neuron 0
495 214 516 214 516 243 495 243 neuron 0
489 197 513 197 513 226 489 226 neuron 0
490 178 512 178 512 206 490 206 neuron 0
552 216 573 216 573 244 552 244 neuron 0
607 208 632 208 632 241 607 241 neuron 0
619 227 639 227 639 262 619 262 neuron 0
607 240 627 240 627 270 607 270 neuron 0
613 259 635 259 635 289 613 289 neuron 0
610 302 636 302 636 336 610 336 neuron 0
454 73 477 73 477 109 454 109 neuron 0
261 89 281 89 281 121 261 121 neuron 0
331 189 355 189 355 219 331 219 neuron 0
332 167 356 167 356 197 332 197 neuron 0
377 161 401 161 401 193 377 193 neuron 0
402 162 428 162 428 191 402 191 neuron 0
419 158 441 158 441 186 419 186 neuron 0
368 154 394 154 394 189 368 189 neuron 0
24 84 47 84 47 114 24 114 neuron 0
37 64 62 64 62 93 37 93 neuron 0
55 77 79 77 79 106 55 106 neuron 0
170 176 194 176 194 211 170 211 neuron 0
170 102 193 102 193 136 170 136 neuron 0