0 459 22 459 22 490 0 490 neuron 0
13 447 35 447 35 476 13 476 neuron 0
20 440 46 440 46 470 20 470 neuron 0
36 433 57 433 57 461 36 461 neuron 0
13 490 33 490 33 523 13 523 neuron 0
23 485 47 485 47 515 23 515 neuron 0
39 544 64 544 64 579 39 579 neuron 0
63 568 87 568 87 601 63 601 neuron 0
67 551 91 551 91 580 67 580 neuron 0
139 516 163 516 163 548 139 548 neuron 0
154 489 178 489 178 522 154 522 neuron 0
161 465 186 465 186 494 161 494 neuron 0
170 452 191 452 191 479 170 479 neuron 0
118 430 139 430 139 462 118 462 neuron 0
108 418 131 418 131 446 108 446 neuron 0
91 421 116 421 116 459 91 459 neuron 0
177 507 201 507 201 535 177 535 neuron 0
195 504 219 504 219 536 195 536 neuron 0
204 470 231 470 231 500 204 500 neuron 0
206 453 231 453 231 480 206 480 neuron 0
220 483 242 483 242 514 220 514 neuron 0
298 523 324 523 324 558 298 558 neuron 0
310 544 332 544 332 575 310 575 neuron 0
157 324 180 324 180 356 157 356 neuron 0
191 339 212 339 212 373 191 373 neuron 0
206 330 228 330 228 364 206 364 neuron 0
258 315 280 315 280 349 258 349 neuron 0
250 305 274 305 274 333 250 333 neuron 0
243 291 269 291 269 320 243 320 neuron 0
293 343 317 343 317 377 293 377 neuron 0
277 304 298 304 298 335 277 335 neuron 0
288 290 310 290 310 321 288 321 neuron 0
278 267 302 267 302 296 278 296 neuron 0
308 302 331 302 331 338 308 338 neuron 0
315 289 339 289 339 315 315 315 neuron 0
318 272 342 272 342 297 318 297 neuron 0
321 329 347 329 347 359 321 359 neuron 0
335 316 361 316 361 345 335 345 neuron 0
228 208 249 208 249 236 228 236 neuron 0
240 190 262 190 262 224 240 224 neuron 0
363 561 386 561 386 590 363 590 neuron 0
377 567 398 567 398 599 377 599 neuron 0
360 610 380 610 380 639 360 639 neuron 0
384 589 404 589 404 624 384 624 neuron 0
404 578 428 578 428 608 404 608 neuron 0
417 611 442 611 442 639 417 639 neuron 0
439 595 462 595 462 627 439 627 neuron 0
465 551 488 551 488 585 465 585 neuron 0
471 535 480 535 480 547 471 547 neuron 0
369 602 391 602 391 630 369 630 neuron 0
492 522 514 522 514 556 492 556 neuron 0
500 467 522 467 522 500 500 500 neuron 0
574 535 599 535 599 566 574 566 neuron 0
544 577 568 577 568 612 544 612 neuron 0
573 590 594 590 594 624 573 624 neuron 0
618 418 640 418 640 449 618 449 neuron 0
451 406 474 406 474 438 451 438 neuron 0
442 396 466 396 466 425 442 425 neuron 0
408 366 431 366 431 395 408 395 neuron 0
411 355 437 355 437 383 411 383 neuron 0
470 322 497 322 497 351 470 351 neuron 0
444 208 467 208 467 242 444 242 neuron 0
594 355 618 355 618 386 594 386 neuron 0
471 194 492 194 492 226 471 226 neuron 0
357 110 383 110 383 149 357 149 neuron 0
460 82 482 82 482 116 460 116 neuron 0
488 107 508 107 508 140 488 140 neuron 0
237 80 263 80 263 116 237 116 neuron 0
258 96 285 96 285 131 258 131 neuron 0
203 0 230 0 230 26 203 26 neuron 0
268 6 293 6 293 35 268 35 neuron 0
324 22 346 22 346 51 324 51 neuron 0
285 162 307 162 307 192 285 192 neuron 0
315 156 339 156 339 185 315 185 neuron 0
316 135 335 135 335 166 316 166 neuron 0
343 159 367 159 367 185 343 185 neuron 0
11 6 36 6 36 36 11 36 neuron 0
64 198 88 198 88 229 64 229 neuron 0
85 198 106 198 106 230 85 230 neuron 0
99 202 121 202 121 227 99 227 neuron 0