15 261 38 261 38 293 15 293 neuron 0
154 598 178 598 178 629 154 629 neuron 0
170 591 189 591 189 622 170 622 neuron 0
190 583 216 583 216 620 190 620 neuron 0
198 556 219 556 219 587 198 587 neuron 0
171 519 195 519 195 557 171 557 neuron 0
194 465 217 465 217 499 194 499 neuron 0
195 444 219 444 219 476 195 476 neuron 0
243 418 264 418 264 449 243 449 neuron 0
147 540 170 540 170 572 147 572 neuron 0
305 295 328 295 328 326 305 326 neuron 0
323 291 342 291 342 320 323 320 neuron 0
330 276 352 276 352 308 330 308 neuron 0
137 526 159 526 159 557 137 557 neuron 0
133 509 154 509 154 534 133 534 neuron 0
117 505 141 505 141 535 117 535 neuron 0
108 474 130 474 130 499 108 499 neuron 0
110 457 130 457 130 486 110 486 neuron 0
94 463 116 463 116 488 94 488 neuron 0
85 474 105 474 105 498 85 498 neuron 0
85 491 104 491 104 519 85 519 neuron 0
103 513 122 513 122 539 103 539 neuron 0
112 524 132 524 132 554 112 554 neuron 0
122 537 145 537 145 568 122 568 neuron 0
108 490 131 490 131 519 108 519 neuron 0
96 502 113 502 113 527 96 527 neuron 0
337 557 363 557 363 585 337 585 neuron 0
443 587 467 587 467 617 443 617 neuron 0
458 539 479 539 479 565 458 565 neuron 0
464 516 485 516 485 547 464 547 neuron 0
473 504 493 504 493 533 473 533 neuron 0
485 507 507 507 507 536 485 536 neuron 0
458 497 480 497 480 527 458 527 neuron 0
445 506 468 506 468 537 445 537 neuron 0
409 518 433 518 433 547 409 547 neuron 0
440 386 460 386 460 422 440 422 neuron 0
444 342 467 342 467 378 444 378 neuron 0
413 334 434 334 434 366 413 366 neuron 0
401 315 422 315 422 345 401 345 neuron 0
403 289 425 289 425 318 403 318 neuron 0
385 294 407 294 407 326 385 326 neuron 0
440 296 464 296 464 331 440 331 neuron 0
457 311 477 311 477 343 457 343 neuron 0
411 300 432 300 432 332 411 332 neuron 0
436 481 458 481 458 511 436 511 neuron 0
519 211 544 211 544 242 519 242 neuron 0
509 191 537 191 537 226 509 226 neuron 0
391 190 414 190 414 217 391 217 neuron 0
393 207 414 207 414 233 393 233 neuron 0
567 467 591 467 591 496 567 496 neuron 0
581 459 603 459 603 487 581 487 neuron 0
610 439 631 439 631 472 610 472 neuron 0
616 391 640 391 640 425 616 425 neuron 0
594 440 617 440 617 477 594 477 neuron 0
413 122 435 122 435 159 413 159 neuron 0
400 114 425 114 425 146 400 146 neuron 0
429 87 450 87 450 118 429 118 neuron 0
407 47 431 47 431 79 407 79 neuron 0
405 31 429 31 429 59 405 59 neuron 0
425 41 450 41 450 73 425 73 neuron 0
414 7 434 7 434 38 414 38 neuron 0
426 12 448 12 448 40 426 40 neuron 0
479 10 503 10 503 39 479 39 neuron 0
488 71 512 71 512 107 488 107 neuron 0
554 36 578 36 578 70 554 70 neuron 0
12 68 40 68 40 103 12 103 neuron 0
86 40 109 40 109 74 86 74 neuron 0
131 24 158 24 158 58 131 58 neuron 0
200 45 226 45 226 76 200 76 neuron 0
195 30 218 30 218 56 195 56 neuron 0