15 482 37 482 37 512 15 512 neuron 0
62 468 86 468 86 500 62 500 neuron 0
130 601 156 601 156 633 130 633 neuron 0
193 611 219 611 219 640 193 640 neuron 0
223 515 244 515 244 549 223 549 neuron 0
235 512 255 512 255 547 235 547 neuron 0
231 485 253 485 253 515 231 515 neuron 0
177 330 199 330 199 362 177 362 neuron 0
432 479 456 479 456 509 432 509 neuron 0
472 486 494 486 494 515 472 515 neuron 0
487 487 507 487 507 517 487 517 neuron 0
499 485 522 485 522 513 499 513 neuron 0
482 503 501 503 501 529 482 529 neuron 0
528 460 548 460 548 489 528 489 neuron 0
539 452 561 452 561 478 539 478 neuron 0
539 470 560 470 560 500 539 500 neuron 0
497 567 519 567 519 601 497 601 neuron 0
527 595 551 595 551 625 527 625 neuron 0
601 540 622 540 622 569 601 569 neuron 0
596 575 619 575 619 605 596 605 neuron 0
611 426 636 426 636 452 611 452 neuron 0
614 407 638 407 638 436 614 436 neuron 0
547 248 571 248 571 280 547 280 neuron 0
557 211 579 211 579 240 557 240 neuron 0
547 222 569 222 569 252 547 252 neuron 0
501 62 522 62 522 97 501 97 neuron 0
225 255 247 255 247 287 225 287 neuron 0
224 277 245 277 245 317 224 317 neuron 0
213 320 235 320 235 350 213 350 neuron 0
197 307 219 307 219 339 197 339 neuron 0
192 268 213 268 213 299 192 299 neuron 0
182 296 204 296 204 327 182 327 neuron 0
189 245 213 245 213 277 189 277 neuron 0
171 243 195 243 195 275 171 275 neuron 0
154 215 178 215 178 244 154 244 neuron 0
176 199 197 199 197 230 176 230 neuron 0
167 158 189 158 189 191 167 191 neuron 0
144 209 165 209 165 237 144 237 neuron 0
160 198 181 198 181 227 160 227 neuron 0
158 133 181 133 181 165 158 165 neuron 0
152 119 176 119 176 145 152 145 neuron 0
40 196 67 196 67 226 40 226 neuron 0
91 66 113 66 113 96 91 96 neuron 0
114 59 138 59 138 89 114 89 neuron 0
1 277 23 277 23 306 1 306 neuron 0
18 284 40 284 40 316 18 316 neuron 0
34 287 55 287 55 312 34 312 neuron 0