76 591 97 591 97 622 76 622 neuron 0
94 587 120 587 120 619 94 619 neuron 0
80 538 104 538 104 568 80 568 neuron 0
16 505 37 505 37 539 16 539 neuron 0
3 451 29 451 29 482 3 482 neuron 0
52 413 76 413 76 445 52 445 neuron 0
0 434 20 434 20 463 0 463 neuron 0
16 406 37 406 37 437 16 437 neuron 0
24 340 48 340 48 373 24 373 neuron 0
29 320 52 320 52 351 29 351 neuron 0
58 287 84 287 84 318 58 318 neuron 0
51 354 72 354 72 396 51 396 neuron 0
75 471 105 471 105 501 75 501 neuron 0
112 424 136 424 136 460 112 460 neuron 0
117 400 139 400 139 432 117 432 neuron 0
142 409 164 409 164 441 142 441 neuron 0
132 460 156 460 156 496 132 496 neuron 0
138 449 160 449 160 474 138 474 neuron 0
155 595 180 595 180 626 155 626 neuron 0
199 599 223 599 223 630 199 630 neuron 0
188 571 211 571 211 606 188 606 neuron 0
163 536 190 536 190 568 163 568 neuron 0
232 582 258 582 258 616 232 616 neuron 0
255 543 277 543 277 578 255 578 neuron 0
252 531 276 531 276 555 252 555 neuron 0
281 478 306 478 306 513 281 513 neuron 0
296 440 323 440 323 474 296 474 neuron 0
194 451 218 451 218 481 194 481 neuron 0
194 378 215 378 215 404 194 404 neuron 0
203 390 229 390 229 419 203 419 neuron 0
225 361 247 361 247 395 225 395 neuron 0
239 317 264 317 264 349 239 349 neuron 0
209 308 235 308 235 340 209 340 neuron 0
263 443 287 443 287 478 263 478 neuron 0
331 333 351 333 351 361 331 361 neuron 0
337 367 357 367 357 397 337 397 neuron 0
54 187 75 187 75 219 54 219 neuron 0
15 427 37 427 37 463 15 463 neuron 0
173 222 195 222 195 251 173 251 neuron 0
203 174 229 174 229 208 203 208 neuron 0
247 179 268 179 268 212 247 212 neuron 0
408 549 435 549 435 578 408 578 neuron 0
413 525 436 525 436 556 413 556 neuron 0
417 506 441 506 441 537 417 537 neuron 0
357 376 381 376 381 406 357 406 neuron 0
407 392 431 392 431 427 407 427 neuron 0
433 320 457 320 457 359 433 359 neuron 0
431 451 454 451 454 482 431 482 neuron 0
451 455 476 455 476 484 451 484 neuron 0
462 436 486 436 486 465 462 465 neuron 0
485 361 507 361 507 395 485 395 neuron 0
472 355 494 355 494 387 472 387 neuron 0
513 392 536 392 536 420 513 420 neuron 0
478 520 502 520 502 552 478 552 neuron 0
481 542 504 542 504 570 481 570 neuron 0
499 550 522 550 522 583 499 583 neuron 0
482 558 507 558 507 588 482 588 neuron 0
526 582 548 582 548 617 526 617 neuron 0
537 584 556 584 556 619 537 619 neuron 0
590 575 619 575 619 605 590 605 neuron 0
590 612 613 612 613 640 590 640 neuron 0
607 608 630 608 630 640 607 640 neuron 0
584 600 608 600 608 627 584 627 neuron 0
553 451 578 451 578 482 553 482 neuron 0
369 219 392 219 392 248 369 248 neuron 0
380 211 404 211 404 240 380 240 neuron 0
425 190 447 190 447 221 425 221 neuron 0
556 100 581 100 581 129 556 129 neuron 0
459 116 488 116 488 148 459 148 neuron 0
524 267 548 267 548 298 524 298 neuron 0
603 171 625 171 625 201 603 201 neuron 0
580 134 608 134 608 170 580 170 neuron 0
542 20 563 20 563 53 542 53 neuron 0
530 52 551 52 551 86 530 86 neuron 0
257 235 280 235 280 267 257 267 neuron 0
247 227 268 227 268 256 247 256 neuron 0
274 226 299 226 299 258 274 258 neuron 0
271 245 293 245 293 271 271 271 neuron 0
255 210 278 210 278 240 255 240 neuron 0
206 131 228 131 228 163 206 163 neuron 0
199 86 224 86 224 117 199 117 neuron 0
320 40 346 40 346 72 320 72 neuron 0
411 5 436 5 436 43 411 43 neuron 0
285 158 308 158 308 189 285 189 neuron 0
224 152 244 152 244 182 224 182 neuron 0
236 145 254 145 254 174 236 174 neuron 0
226 85 249 85 249 115 226 115 neuron 0
232 60 255 60 255 90 232 90 neuron 0
257 71 279 71 279 100 257 100 neuron 0
268 106 292 106 292 136 268 136 neuron 0
12 141 35 141 35 173 12 173 neuron 0
32 0 53 0 53 30 32 30 neuron 0
113 167 137 167 137 199 113 199 neuron 0
33 142 61 142 61 170 33 170 neuron 0
65 134 88 134 88 158 65 158 neuron 0
83 137 104 137 104 170 83 170 neuron 0
74 168 98 168 98 202 74 202 neuron 0
43 153 67 153 67 184 43 184 neuron 0