76 515 101 515 101 547 76 547 neuron 0
76 536 98 536 98 568 76 568 neuron 0
89 541 109 541 109 570 89 570 neuron 0
60 464 86 464 86 496 60 496 neuron 0
34 460 62 460 62 489 34 489 neuron 0
121 546 145 546 145 577 121 577 neuron 0
113 531 135 531 135 562 113 562 neuron 0
140 531 163 531 163 563 140 563 neuron 0
150 524 170 524 170 554 150 554 neuron 0
146 474 171 474 171 508 146 508 neuron 0
124 565 149 565 149 594 124 594 neuron 0
100 515 121 515 121 546 100 546 neuron 0
111 502 133 502 133 532 111 532 neuron 0
108 483 129 483 129 511 108 511 neuron 0
132 479 153 479 153 503 132 503 neuron 0
134 503 156 503 156 530 134 530 neuron 0
121 487 142 487 142 515 121 515 neuron 0
135 231 155 231 155 265 135 265 neuron 0
188 376 211 376 211 405 188 405 neuron 0
195 357 214 357 214 385 195 385 neuron 0
208 349 232 349 232 382 208 382 neuron 0
203 335 225 335 225 365 203 365 neuron 0
208 316 233 316 233 344 208 344 neuron 0
261 270 285 270 285 299 261 299 neuron 0
269 384 290 384 290 419 269 419 neuron 0
198 223 217 223 217 254 198 254 neuron 0
230 212 253 212 253 240 230 240 neuron 0
234 239 254 239 254 270 234 270 neuron 0
231 258 250 258 250 289 231 289 neuron 0
217 259 236 259 236 284 217 284 neuron 0
195 246 213 246 213 277 195 277 neuron 0
409 464 432 464 432 493 409 493 neuron 0
403 444 424 444 424 473 403 473 neuron 0
417 555 438 555 438 587 417 587 neuron 0
406 560 423 560 423 590 406 590 neuron 0
467 549 489 549 489 582 467 582 neuron 0
614 416 638 416 638 442 614 442 neuron 0
611 433 633 433 633 460 611 460 neuron 0
596 522 619 522 619 552 596 552 neuron 0
557 450 581 450 581 480 557 480 neuron 0
551 438 572 438 572 464 551 464 neuron 0
540 423 566 423 566 451 540 451 neuron 0
538 455 564 455 564 481 538 481 neuron 0
499 432 523 432 523 458 499 458 neuron 0
512 415 534 415 534 445 512 445 neuron 0
523 425 548 425 548 457 523 457 neuron 0
502 399 523 399 523 429 502 429 neuron 0
485 386 505 386 505 416 485 416 neuron 0
490 407 509 407 509 432 490 432 neuron 0
498 388 516 388 516 412 498 412 neuron 0
497 420 517 420 517 444 497 444 neuron 0
397 237 421 237 421 269 397 269 neuron 0
411 204 432 204 432 234 411 234 neuron 0
404 223 428 223 428 251 404 251 neuron 0
404 190 425 190 425 217 404 217 neuron 0
397 208 416 208 416 237 397 237 neuron 0
625 438 640 438 640 470 625 470 neuron 0
417 180 439 180 439 214 417 214 neuron 0
430 167 448 167 448 201 430 201 neuron 0
419 151 437 151 437 185 419 185 neuron 0
425 134 445 134 445 164 425 164 neuron 0
437 121 453 121 453 151 437 151 neuron 0
446 120 467 120 467 150 446 150 neuron 0
484 134 508 134 508 164 484 164 neuron 0
578 187 601 187 601 220 578 220 neuron 0
616 164 639 164 639 199 616 199 neuron 0
519 54 542 54 542 85 519 85 neuron 0
534 59 556 59 556 89 534 89 neuron 0
557 15 583 15 583 49 557 49 neuron 0
549 5 573 5 573 31 549 31 neuron 0
469 101 493 101 493 131 469 131 neuron 0
314 189 341 189 341 220 314 220 neuron 0
415 0 437 0 437 26 415 26 neuron 0
245 79 269 79 269 109 245 109 neuron 0
177 124 198 124 198 154 177 154 neuron 0
171 91 194 91 194 130 171 130 neuron 0
159 35 183 35 183 66 159 66 neuron 0
160 83 181 83 181 119 160 119 neuron 0