43 411 64 411 64 446 43 446 neuron 0
36 365 54 365 54 395 36 395 neuron 0
93 580 122 580 122 611 93 611 neuron 0
258 607 279 607 279 638 258 638 neuron 0
247 599 270 599 270 631 247 631 neuron 0
293 532 314 532 314 566 293 566 neuron 0
221 440 243 440 243 476 221 476 neuron 0
246 398 265 398 265 431 246 431 neuron 0
261 383 283 383 283 415 261 415 neuron 0
315 497 336 497 336 525 315 525 neuron 0
329 492 349 492 349 521 329 521 neuron 0
339 480 359 480 359 510 339 510 neuron 0
287 273 307 273 307 304 287 304 neuron 0
303 251 326 251 326 279 303 279 neuron 0
351 472 371 472 371 498 351 498 neuron 0
362 463 386 463 386 495 362 495 neuron 0
389 426 413 426 413 462 389 462 neuron 0
404 406 425 406 425 435 404 435 neuron 0
382 301 407 301 407 333 382 333 neuron 0
371 288 397 288 397 318 371 318 neuron 0
478 428 500 428 500 459 478 459 neuron 0
508 264 528 264 528 294 508 294 neuron 0
446 299 472 299 472 329 446 329 neuron 0
437 283 462 283 462 310 437 310 neuron 0
431 267 457 267 457 296 431 296 neuron 0
484 337 509 337 509 366 484 366 neuron 0
489 356 510 356 510 384 489 384 neuron 0
506 369 528 369 528 395 506 395 neuron 0
528 341 552 341 552 368 528 368 neuron 0
554 355 577 355 577 379 554 379 neuron 0
512 426 535 426 535 455 512 455 neuron 0
421 240 442 240 442 268 421 268 neuron 0
549 435 574 435 574 469 549 469 neuron 0
564 426 584 426 584 457 564 457 neuron 0
566 444 575 444 575 456 566 456 neuron 0
468 166 489 166 489 201 468 201 neuron 0
498 48 518 48 518 80 498 80 neuron 0
377 39 398 39 398 68 377 68 neuron 0
286 154 312 154 312 188 286 188 neuron 0
323 169 349 169 349 198 323 198 neuron 0
352 178 372 178 372 204 352 204 neuron 0
254 76 277 76 277 107 254 107 neuron 0
309 77 328 77 328 109 309 109 neuron 0
312 53 329 53 329 85 312 85 neuron 0
299 65 319 65 319 93 299 93 neuron 0
361 35 382 35 382 65 361 65 neuron 0
342 31 362 31 362 59 342 59 neuron 0
330 35 351 35 351 63 330 63 neuron 0
282 4 303 4 303 36 282 36 neuron 0
214 20 237 20 237 47 214 47 neuron 0
0 64 18 64 18 96 0 96 neuron 0
4 24 24 24 24 58 4 58 neuron 0
28 0 52 0 52 28 28 28 neuron 0