48 456 75 456 75 486 48 486 neuron 0
41 440 66 440 66 469 41 469 neuron 0
12 414 39 414 39 445 12 445 neuron 0
34 321 56 321 56 355 34 355 neuron 0
50 291 73 291 73 321 50 321 neuron 0
57 277 81 277 81 308 57 308 neuron 0
42 254 65 254 65 285 42 285 neuron 0
61 334 83 334 83 366 61 366 neuron 0
92 380 118 380 118 411 92 411 neuron 0
141 371 163 371 163 401 141 401 neuron 0
138 469 162 469 162 502 138 502 neuron 0
170 575 192 575 192 603 170 603 neuron 0
163 559 187 559 187 583 163 583 neuron 0
235 549 259 549 259 582 235 582 neuron 0
210 604 234 604 234 640 210 640 neuron 0
236 616 260 616 260 640 236 640 neuron 0
286 613 311 613 311 640 286 640 neuron 0
179 379 203 379 203 404 179 404 neuron 0
189 348 216 348 216 379 189 379 neuron 0
194 369 215 369 215 394 194 394 neuron 0
78 239 100 239 100 269 78 269 neuron 0
203 200 225 200 225 232 203 232 neuron 0
257 241 280 241 280 277 257 277 neuron 0
271 238 295 238 295 269 271 269 neuron 0
293 386 318 386 318 414 293 414 neuron 0
81 219 110 219 110 248 81 248 neuron 0
270 217 292 217 292 248 270 248 neuron 0
348 424 370 424 370 463 348 463 neuron 0
341 570 364 570 364 607 341 607 neuron 0
442 608 461 608 461 637 442 637 neuron 0
454 612 474 612 474 640 454 640 neuron 0
497 541 519 541 519 570 497 570 neuron 0
518 444 540 444 540 474 518 474 neuron 0
521 427 541 427 541 452 521 452 neuron 0
536 426 557 426 557 457 536 457 neuron 0
533 443 553 443 553 470 533 470 neuron 0
516 338 538 338 538 368 516 368 neuron 0
408 204 432 204 432 234 408 234 neuron 0
439 305 463 305 463 334 439 334 neuron 0
419 358 440 358 440 391 419 391 neuron 0
417 381 441 381 441 410 417 410 neuron 0
557 184 582 184 582 216 557 216 neuron 0
583 167 606 167 606 197 583 197 neuron 0
460 151 479 151 479 179 460 179 neuron 0
476 86 498 86 498 117 476 117 neuron 0
471 73 492 73 492 104 471 104 neuron 0
403 78 426 78 426 109 403 109 neuron 0
412 91 435 91 435 121 412 121 neuron 0
427 92 451 92 451 121 427 121 neuron 0
451 18 473 18 473 50 451 50 neuron 0
465 13 486 13 486 40 465 40 neuron 0
484 15 508 15 508 49 484 49 neuron 0
497 11 515 11 515 37 497 37 neuron 0
262 108 284 108 284 137 262 137 neuron 0
0 5 18 5 18 36 0 36 neuron 0