7 459 32 459 32 493 7 493 neuron 0
20 476 44 476 44 506 20 506 neuron 0
85 519 107 519 107 550 85 550 neuron 0
60 425 83 425 83 455 60 455 neuron 0
46 399 70 399 70 431 46 431 neuron 0
88 406 114 406 114 437 88 437 neuron 0
107 456 131 456 131 488 107 488 neuron 0
110 499 131 499 131 528 110 528 neuron 0
125 498 145 498 145 529 125 529 neuron 0
120 518 142 518 142 546 120 546 neuron 0
134 553 157 553 157 584 134 584 neuron 0
125 541 147 541 147 570 125 570 neuron 0
198 516 219 516 219 550 198 550 neuron 0
186 493 208 493 208 521 186 521 neuron 0
252 603 273 603 273 631 252 631 neuron 0
235 610 254 610 254 640 235 640 neuron 0
222 606 243 606 243 634 222 634 neuron 0
6 218 27 218 27 249 6 249 neuron 0
11 199 30 199 30 229 11 229 neuron 0
0 193 17 193 17 227 0 227 neuron 0
106 296 127 296 127 327 106 327 neuron 0
103 241 124 241 124 273 103 273 neuron 0
174 177 199 177 199 209 174 209 neuron 0
209 390 233 390 233 422 209 422 neuron 0
198 381 222 381 222 413 198 413 neuron 0
202 408 225 408 225 437 202 437 neuron 0
303 460 327 460 327 494 303 494 neuron 0
297 482 323 482 323 512 297 512 neuron 0
293 395 315 395 315 423 293 423 neuron 0
304 364 326 364 326 400 304 400 neuron 0
284 387 303 387 303 415 284 415 neuron 0
264 281 289 281 289 313 264 313 neuron 0
306 241 327 241 327 266 306 266 neuron 0
312 256 333 256 333 282 312 282 neuron 0
317 287 338 287 338 319 317 319 neuron 0
295 276 315 276 315 302 295 302 neuron 0
295 375 317 375 317 406 295 406 neuron 0
239 591 260 591 260 617 239 617 neuron 0
91 440 112 440 112 471 91 471 neuron 0
365 444 387 444 387 476 365 476 neuron 0
379 455 398 455 398 487 379 487 neuron 0
389 464 411 464 411 495 389 495 neuron 0
391 489 413 489 413 518 391 518 neuron 0
412 372 441 372 441 406 412 406 neuron 0
370 594 396 594 396 624 370 624 neuron 0
398 589 420 589 420 618 398 618 neuron 0
412 581 433 581 433 608 412 608 neuron 0
424 570 448 570 448 600 424 600 neuron 0
391 605 414 605 414 631 391 631 neuron 0
477 560 499 560 499 591 477 591 neuron 0
485 520 507 520 507 550 485 550 neuron 0
499 526 522 526 522 556 499 556 neuron 0
502 509 526 509 526 538 502 538 neuron 0
535 484 558 484 558 514 535 514 neuron 0
536 503 555 503 555 534 536 534 neuron 0
525 504 544 504 544 534 525 534 neuron 0
539 437 564 437 564 465 539 465 neuron 0
563 390 585 390 585 422 563 422 neuron 0
605 389 627 389 627 420 605 420 neuron 0
502 357 523 357 523 388 502 388 neuron 0
477 286 498 286 498 315 477 315 neuron 0
568 256 594 256 594 284 568 284 neuron 0
603 220 624 220 624 247 603 247 neuron 0
610 229 631 229 631 259 610 259 neuron 0
615 264 640 264 640 295 615 295 neuron 0
525 249 550 249 550 281 525 281 neuron 0
579 328 603 328 603 359 579 359 neuron 0
566 334 587 334 587 363 566 363 neuron 0
517 224 540 224 540 255 517 255 neuron 0
508 211 530 211 530 239 508 239 neuron 0
465 188 487 188 487 222 465 222 neuron 0
472 176 496 176 496 205 472 205 neuron 0
489 187 511 187 511 222 489 222 neuron 0
478 228 499 228 499 259 478 259 neuron 0
489 247 510 247 510 276 489 276 neuron 0
506 228 524 228 524 256 506 256 neuron 0
297 156 318 156 318 187 297 187 neuron 0
280 98 304 98 304 130 280 130 neuron 0
185 27 207 27 207 60 185 60 neuron 0
185 47 209 47 209 77 185 77 neuron 0
158 19 182 19 182 50 158 50 neuron 0
110 155 131 155 131 187 110 187 neuron 0
0 371 15 371 15 407 0 407 neuron 0