20 595 48 595 48 626 20 626 neuron 0
1 603 22 603 22 634 1 634 neuron 0
0 472 23 472 23 503 0 503 neuron 0
22 399 45 399 45 427 22 427 neuron 0
2 388 30 388 30 418 2 418 neuron 0
46 404 73 404 73 430 46 430 neuron 0
62 415 86 415 86 445 62 445 neuron 0
48 421 71 421 71 449 48 449 neuron 0
84 547 109 547 109 578 84 578 neuron 0
105 558 129 558 129 589 105 589 neuron 0
109 463 135 463 135 497 109 497 neuron 0
178 542 204 542 204 572 178 572 neuron 0
224 536 243 536 243 566 224 566 neuron 0
235 465 260 465 260 495 235 495 neuron 0
253 470 277 470 277 511 253 511 neuron 0
203 450 230 450 230 479 203 479 neuron 0
177 446 201 446 201 474 177 474 neuron 0
184 418 206 418 206 448 184 448 neuron 0
182 400 203 400 203 427 182 427 neuron 0
164 414 184 414 184 445 164 445 neuron 0
221 391 242 391 242 423 221 423 neuron 0
243 270 265 270 265 301 243 301 neuron 0
91 280 118 280 118 310 91 310 neuron 0
43 215 69 215 69 245 43 245 neuron 0
94 233 118 233 118 264 94 264 neuron 0
122 278 143 278 143 308 122 308 neuron 0
108 246 131 246 131 276 108 276 neuron 0
377 433 403 433 403 467 377 467 neuron 0
540 408 563 408 563 439 540 439 neuron 0
548 371 570 371 570 403 548 403 neuron 0
549 335 573 335 573 367 549 367 neuron 0
464 176 484 176 484 208 464 208 neuron 0
407 190 431 190 431 221 407 221 neuron 0
390 191 413 191 413 222 390 222 neuron 0
339 259 363 259 363 294 339 294 neuron 0
304 228 328 228 328 258 304 258 neuron 0
371 165 393 165 393 199 371 199 neuron 0
374 114 396 114 396 143 374 143 neuron 0
309 160 334 160 334 192 309 192 neuron 0
304 134 328 134 328 164 304 164 neuron 0
269 141 293 141 293 173 269 173 neuron 0
544 16 566 16 566 42 544 42 neuron 0
546 33 567 33 567 59 546 59 neuron 0
558 42 579 42 579 68 558 68 neuron 0
575 69 595 69 595 98 575 98 neuron 0
344 54 364 54 364 84 344 84 neuron 0
332 45 353 45 353 75 332 75 neuron 0
252 1 276 1 276 30 252 30 neuron 0
208 139 231 139 231 171 208 171 neuron 0
185 141 210 141 210 171 185 171 neuron 0