64 496 84 496 84 525 64 525 neuron 0
78 492 98 492 98 528 78 528 neuron 0
194 581 215 581 215 610 194 610 neuron 0
183 605 204 605 204 635 183 635 neuron 0
267 593 288 593 288 624 267 624 neuron 0
300 562 322 562 322 591 300 591 neuron 0
328 592 350 592 350 626 328 626 neuron 0
271 469 294 469 294 499 271 499 neuron 0
182 444 205 444 205 475 182 475 neuron 0
117 295 139 295 139 327 117 327 neuron 0
148 310 168 310 168 341 148 341 neuron 0
240 360 263 360 263 389 240 389 neuron 0
231 349 255 349 255 378 231 378 neuron 0
214 347 235 347 235 379 214 379 neuron 0
279 328 303 328 303 356 279 356 neuron 0
305 348 327 348 327 376 305 376 neuron 0
295 258 317 258 317 290 295 290 neuron 0
285 255 304 255 304 289 285 289 neuron 0
107 184 125 184 125 216 107 216 neuron 0
96 238 117 238 117 264 96 264 neuron 0
381 499 405 499 405 532 381 532 neuron 0
496 504 520 504 520 539 496 539 neuron 0
508 522 531 522 531 557 508 557 neuron 0
469 445 491 445 491 475 469 475 neuron 0
457 411 481 411 481 441 457 441 neuron 0
359 313 383 313 383 345 359 345 neuron 0
426 208 447 208 447 239 426 239 neuron 0
405 373 430 373 430 404 405 404 neuron 0
475 329 499 329 499 359 475 359 neuron 0
479 285 500 285 500 314 479 314 neuron 0
437 280 461 280 461 310 437 310 neuron 0
536 257 556 257 556 287 536 287 neuron 0
510 234 531 234 531 264 510 264 neuron 0
556 190 577 190 577 222 556 222 neuron 0
472 177 496 177 496 211 472 211 neuron 0
575 160 597 160 597 188 575 188 neuron 0
576 137 596 137 596 165 576 165 neuron 0
548 144 569 144 569 175 548 175 neuron 0
562 141 583 141 583 171 562 171 neuron 0
482 57 507 57 507 85 482 85 neuron 0
494 11 513 11 513 42 494 42 neuron 0
469 6 492 6 492 37 469 37 neuron 0
424 28 448 28 448 56 424 56 neuron 0
408 46 431 46 431 77 408 77 neuron 0
380 56 405 56 405 88 380 88 neuron 0
369 64 390 64 390 94 369 94 neuron 0
355 120 374 120 374 151 355 151 neuron 0
346 136 366 136 366 166 346 166 neuron 0
299 151 320 151 320 182 299 182 neuron 0
318 125 339 125 339 159 318 159 neuron 0
95 182 114 182 114 217 95 217 neuron 0
75 180 95 180 95 213 75 213 neuron 0
133 80 154 80 154 112 133 112 neuron 0
129 49 150 49 150 81 129 81 neuron 0
117 73 137 73 137 108 117 108 neuron 0
229 159 248 159 248 190 229 190 neuron 0
255 160 276 160 276 190 255 190 neuron 0
216 159 235 159 235 188 216 188 neuron 0
85 170 106 170 106 200 85 200 neuron 0
0 56 24 56 24 85 0 85 neuron 0
24 244 48 244 48 279 24 279 neuron 0
439 571 457 571 457 609 439 609 neuron 0
224 333 245 333 245 360 224 360 neuron 0
415 356 435 356 435 387 415 387 neuron 0