0 447 18 447 18 479 0 479 neuron 0
7 324 28 324 28 355 7 355 neuron 0
7 293 33 293 33 327 7 327 neuron 0
77 278 102 278 102 307 77 307 neuron 0
89 268 110 268 110 299 89 299 neuron 0
91 242 113 242 113 277 91 277 neuron 0
109 198 130 198 130 233 109 233 neuron 0
89 190 110 190 110 217 89 217 neuron 0
232 225 253 225 253 256 232 256 neuron 0
267 248 296 248 296 281 267 281 neuron 0
293 304 314 304 314 340 293 340 neuron 0
305 315 327 315 327 344 305 344 neuron 0
259 490 283 490 283 523 259 523 neuron 0
286 483 308 483 308 517 286 517 neuron 0
318 558 342 558 342 594 318 594 neuron 0
334 556 357 556 357 586 334 586 neuron 0
332 599 353 599 353 629 332 629 neuron 0
298 283 317 283 317 314 298 314 neuron 0
306 294 327 294 327 325 306 325 neuron 0
332 243 356 243 356 277 332 277 neuron 0
88 172 112 172 112 199 88 199 neuron 0
337 612 361 612 361 640 337 640 neuron 0
292 615 315 615 315 640 292 640 neuron 0
303 605 322 605 322 631 303 631 neuron 0
413 481 434 481 434 509 413 509 neuron 0
443 410 465 410 465 439 443 439 neuron 0
443 336 467 336 467 366 443 366 neuron 0
454 305 475 305 475 339 454 339 neuron 0
471 326 492 326 492 357 471 357 neuron 0
470 353 489 353 489 378 470 378 neuron 0
401 315 422 315 422 346 401 346 neuron 0
488 284 512 284 512 313 488 313 neuron 0
495 267 517 267 517 295 495 295 neuron 0
376 194 396 194 396 228 376 228 neuron 0
353 180 375 180 375 212 353 212 neuron 0
330 195 352 195 352 219 330 219 neuron 0
318 179 342 179 342 210 318 210 neuron 0
428 186 449 186 449 216 428 216 neuron 0
548 517 572 517 572 551 548 551 neuron 0
619 519 640 519 640 549 619 549 neuron 0
606 505 631 505 631 534 606 534 neuron 0
614 467 639 467 639 499 614 499 neuron 0
575 445 596 445 596 477 575 477 neuron 0
565 437 587 437 587 467 565 467 neuron 0
554 427 578 427 578 455 554 455 neuron 0
540 428 562 428 562 460 540 460 neuron 0
461 175 484 175 484 207 461 207 neuron 0
443 178 464 178 464 209 443 209 neuron 0
431 138 452 138 452 170 431 170 neuron 0
438 108 458 108 458 140 438 140 neuron 0
586 54 607 54 607 86 586 86 neuron 0
619 88 640 88 640 117 619 117 neuron 0
426 157 447 157 447 183 426 183 neuron 0
429 168 453 168 453 194 429 194 neuron 0
333 173 356 173 356 205 333 205 neuron 0
320 162 345 162 345 188 320 188 neuron 0
10 71 36 71 36 100 10 100 neuron 0
6 5 30 5 30 39 6 39 neuron 0
35 39 55 39 55 71 35 71 neuron 0
72 156 94 156 94 186 72 186 neuron 0
69 141 90 141 90 167 69 167 neuron 0
60 151 78 151 78 180 60 180 neuron 0
84 149 105 149 105 175 84 175 neuron 0
107 140 131 140 131 170 107 170 neuron 0
199 105 223 105 223 135 199 135 neuron 0
49 78 73 78 73 108 49 108 neuron 0
58 96 84 96 84 128 58 128 neuron 0
113 109 137 109 137 138 113 138 neuron 0
104 110 121 110 121 139 104 139 neuron 0
112 127 135 127 135 151 112 151 neuron 0
224 0 249 0 249 24 224 24 neuron 0