280 297 314 297 314 344 280 344 neuron 0
359 441 385 441 385 479 359 479 neuron 0
330 393 361 393 361 436 330 436 neuron 0
375 439 400 439 400 477 375 477 neuron 0
363 417 389 417 389 456 363 456 neuron 0
407 418 432 418 432 454 407 454 neuron 0
439 407 462 407 462 441 439 441 neuron 0
447 389 473 389 473 423 447 423 neuron 0
488 403 516 403 516 439 488 439 neuron 0
487 272 513 272 513 312 487 312 neuron 0
235 445 261 445 261 484 235 484 neuron 0
246 462 274 462 274 502 246 502 neuron 0
288 415 317 415 317 452 288 452 neuron 0
302 399 331 399 331 433 302 433 neuron 0
173 528 206 528 206 569 173 569 neuron 0
224 393 254 393 254 435 224 435 neuron 0
212 367 242 367 242 411 212 411 neuron 0
460 543 489 543 489 579 460 579 neuron 0
443 549 470 549 470 587 443 587 neuron 0
450 528 476 528 476 560 450 560 neuron 0
437 602 464 602 464 640 437 640 neuron 0
527 505 555 505 555 544 527 544 neuron 0
616 311 640 311 640 347 616 347 neuron 0
610 325 630 325 630 360 610 360 neuron 0
588 301 614 301 614 336 588 336 neuron 0
578 323 603 323 603 359 578 359 neuron 0
596 346 623 346 623 386 596 386 neuron 0
561 394 588 394 588 430 561 430 neuron 0
583 197 611 197 611 236 583 236 neuron 0
584 161 612 161 612 200 584 200 neuron 0
468 443 500 443 500 481 468 481 neuron 0
473 471 505 471 505 508 473 508 neuron 0
42 328 71 328 71 363 42 363 neuron 0
41 297 74 297 74 339 41 339 neuron 0
6 243 35 243 35 284 6 284 neuron 0
130 225 162 225 162 271 130 271 neuron 0
184 280 213 280 213 320 184 320 neuron 0
195 304 224 304 224 347 195 347 neuron 0
233 235 264 235 264 283 233 283 neuron 0
172 223 198 223 198 261 172 261 neuron 0
174 198 198 198 198 238 174 238 neuron 0
154 195 183 195 183 241 154 241 neuron 0
82 128 109 128 109 168 82 168 neuron 0
60 124 87 124 87 164 60 164 neuron 0
108 75 136 75 136 115 108 115 neuron 0
162 46 197 46 197 90 162 90 neuron 0
90 19 124 19 124 61 90 61 neuron 0
341 140 375 140 375 179 341 179 neuron 0
413 63 441 63 441 103 413 103 neuron 0