25 540 52 540 52 580 25 580 neuron 0
7 491 33 491 33 539 7 539 neuron 0
7 453 37 453 37 499 7 499 neuron 0
23 457 49 457 49 507 23 507 neuron 0
22 379 45 379 45 419 22 419 neuron 0
88 351 114 351 114 393 88 393 neuron 0
192 483 220 483 220 525 192 525 neuron 0
177 451 199 451 199 493 177 493 neuron 0
164 436 186 436 186 489 164 489 neuron 0
128 387 157 387 157 429 128 429 neuron 0
137 368 167 368 167 409 137 409 neuron 0
227 579 255 579 255 619 227 619 neuron 0
223 559 251 559 251 596 223 596 neuron 0
252 541 281 541 281 588 252 588 neuron 0
257 504 282 504 282 551 257 551 neuron 0
266 475 292 475 292 517 266 517 neuron 0
260 447 288 447 288 492 260 492 neuron 0
264 423 289 423 289 460 264 460 neuron 0
260 391 287 391 287 436 260 436 neuron 0
224 347 255 347 255 388 224 388 neuron 0
179 366 204 366 204 406 179 406 neuron 0
167 339 193 339 193 387 167 387 neuron 0
335 480 359 480 359 521 335 521 neuron 0
175 273 206 273 206 311 175 311 neuron 0
246 279 272 279 272 321 246 321 neuron 0
170 247 198 247 198 287 170 287 neuron 0
135 230 168 230 168 270 135 270 neuron 0
124 262 151 262 151 302 124 302 neuron 0
113 254 137 254 137 294 113 294 neuron 0
98 251 124 251 124 293 98 293 neuron 0
89 224 123 224 123 277 89 277 neuron 0
78 235 99 235 99 273 78 273 neuron 0
57 229 87 229 87 271 57 271 neuron 0
73 193 102 193 102 236 73 236 neuron 0
15 192 43 192 43 237 15 237 neuron 0
210 181 240 181 240 220 210 220 neuron 0
320 416 348 416 348 459 320 459 neuron 0
313 395 342 395 342 436 313 436 neuron 0
361 453 384 453 384 491 361 491 neuron 0
447 546 474 546 474 594 447 594 neuron 0
493 494 518 494 518 546 493 546 neuron 0
528 455 556 455 556 495 528 495 neuron 0
443 413 474 413 474 459 443 459 neuron 0
475 364 503 364 503 401 475 401 neuron 0
513 352 542 352 542 393 513 393 neuron 0
587 324 620 324 620 363 587 363 neuron 0
540 325 570 325 570 363 540 363 neuron 0
527 303 556 303 556 340 527 340 neuron 0
504 292 527 292 527 339 504 339 neuron 0
453 310 484 310 484 346 453 346 neuron 0
438 319 467 319 467 363 438 363 neuron 0
357 323 380 323 380 369 357 369 neuron 0
416 287 441 287 441 325 416 325 neuron 0
353 219 378 219 378 260 353 260 neuron 0
305 208 330 208 330 247 305 247 neuron 0
486 196 512 196 512 243 486 243 neuron 0
392 183 422 183 422 221 392 221 neuron 0
431 158 458 158 458 202 431 202 neuron 0
461 167 490 167 490 208 461 208 neuron 0
489 151 516 151 516 189 489 189 neuron 0
505 140 535 140 535 177 505 177 neuron 0
509 162 538 162 538 198 509 198 neuron 0
527 174 558 174 558 206 527 206 neuron 0
427 36 454 36 454 87 427 87 neuron 0
349 55 374 55 374 104 349 104 neuron 0
293 100 319 100 319 147 293 147 neuron 0
298 152 324 152 324 192 298 192 neuron 0
381 106 409 106 409 146 381 146 neuron 0
603 127 629 127 629 171 603 171 neuron 0
586 52 616 52 616 95 586 95 neuron 0
580 36 611 36 611 77 580 77 neuron 0
607 41 628 41 628 80 607 80 neuron 0
619 68 640 68 640 112 619 112 neuron 0
241 149 269 149 269 199 241 199 neuron 0
246 107 271 107 271 148 246 148 neuron 0
204 108 233 108 233 147 204 147 neuron 0
225 47 251 47 251 96 225 96 neuron 0
214 47 235 47 235 96 214 96 neuron 0
43 163 73 163 73 212 43 212 neuron 0
24 132 51 132 51 177 24 177 neuron 0
25 104 52 104 52 145 25 145 neuron 0
14 31 42 31 42 75 14 75 neuron 0
30 47 53 47 53 87 30 87 neuron 0
235 239 264 239 264 283 235 283 neuron 0