53 530 76 530 76 570 53 570 neuron 0
69 602 98 602 98 640 69 640 neuron 0
15 493 42 493 42 531 15 531 neuron 0
132 592 157 592 157 633 132 633 neuron 0
178 572 204 572 204 624 178 624 neuron 0
125 435 152 435 152 481 125 481 neuron 0
105 441 135 441 135 483 105 483 neuron 0
89 357 115 357 115 407 89 407 neuron 0
55 307 85 307 85 359 55 359 neuron 0
231 507 259 507 259 545 231 545 neuron 0
263 484 290 484 290 523 263 523 neuron 0
294 539 320 539 320 589 294 589 neuron 0
312 395 340 395 340 439 312 439 neuron 0
198 323 225 323 225 369 198 369 neuron 0
171 246 198 246 198 294 171 294 neuron 0
270 247 296 247 296 293 270 293 neuron 0
494 508 521 508 521 555 494 555 neuron 0
445 491 474 491 474 531 445 531 neuron 0
597 567 625 567 625 609 597 609 neuron 0
359 404 392 404 392 445 359 445 neuron 0
522 428 551 428 551 476 522 476 neuron 0
578 405 606 405 606 447 578 447 neuron 0
576 383 607 383 607 417 576 417 neuron 0
604 339 631 339 631 381 604 381 neuron 0
550 369 579 369 579 415 550 415 neuron 0
473 339 503 339 503 379 473 379 neuron 0
465 388 496 388 496 429 465 429 neuron 0
413 259 444 259 444 296 413 296 neuron 0
531 267 559 267 559 308 531 308 neuron 0
583 240 608 240 608 284 583 284 neuron 0
562 234 587 234 587 278 562 278 neuron 0
552 236 570 236 570 275 552 275 neuron 0
567 75 593 75 593 125 567 125 neuron 0
481 9 508 9 508 48 481 48 neuron 0
458 17 486 17 486 60 458 60 neuron 0
435 63 465 63 465 105 435 105 neuron 0
287 109 317 109 317 151 287 151 neuron 0
316 76 346 76 346 120 316 120 neuron 0
401 132 425 132 425 168 401 168 neuron 0
390 113 417 113 417 160 390 160 neuron 0
408 108 429 108 429 143 408 143 neuron 0
413 74 441 74 441 114 413 114 neuron 0
404 84 429 84 429 120 404 120 neuron 0
390 90 414 90 414 126 390 126 neuron 0
367 89 392 89 392 132 367 132 neuron 0
366 64 394 64 394 105 366 105 neuron 0
347 64 374 64 374 105 347 105 neuron 0
351 91 375 91 375 121 351 121 neuron 0
336 64 355 64 355 103 336 103 neuron 0
384 11 411 11 411 56 384 56 neuron 0
359 1 387 1 387 44 359 44 neuron 0
261 123 290 123 290 159 261 159 neuron 0
231 141 256 141 256 179 231 179 neuron 0
39 183 65 183 65 236 39 236 neuron 0
20 56 47 56 47 101 20 101 neuron 0
23 30 49 30 49 70 23 70 neuron 0
10 14 40 14 40 54 10 54 neuron 0
63 36 92 36 92 77 63 77 neuron 0
65 64 101 64 101 100 65 100 neuron 0
133 93 164 93 164 131 133 131 neuron 0
132 68 164 68 164 105 132 105 neuron 0
160 48 190 48 190 91 160 91 neuron 0
150 25 179 25 179 67 150 67 neuron 0