114 117 139 117 139 159 114 159 neuron 0
130 109 153 109 153 160 130 160 neuron 0
136 94 163 94 163 134 136 134 neuron 0
166 45 194 45 194 87 166 87 neuron 0
184 61 211 61 211 100 184 100 neuron 0
230 99 262 99 262 140 230 140 neuron 0
166 147 198 147 198 184 166 184 neuron 0
225 155 247 155 247 195 225 195 neuron 0
238 152 262 152 262 196 238 196 neuron 0
117 145 147 145 147 179 117 179 neuron 0
65 147 94 147 94 188 65 188 neuron 0
56 172 87 172 87 209 56 209 neuron 0
29 198 55 198 55 234 29 234 neuron 0
27 172 58 172 58 211 27 211 neuron 0
5 212 36 212 36 251 5 251 neuron 0
82 252 109 252 109 295 82 295 neuron 0
75 237 106 237 106 276 75 276 neuron 0
51 247 78 247 78 288 51 288 neuron 0
50 272 80 272 80 315 50 315 neuron 0
43 299 72 299 72 336 43 336 neuron 0
60 295 84 295 84 340 60 340 neuron 0
145 218 175 218 175 254 145 254 neuron 0
164 331 193 331 193 373 164 373 neuron 0
262 209 291 209 291 252 262 252 neuron 0
330 172 366 172 366 207 330 207 neuron 0
328 189 358 189 358 223 328 223 neuron 0
323 209 350 209 350 251 323 251 neuron 0
312 191 338 191 338 235 312 235 neuron 0
306 223 332 223 332 265 306 265 neuron 0
281 221 306 221 306 267 281 267 neuron 0
295 232 317 232 317 273 295 273 neuron 0
292 262 323 262 323 298 292 298 neuron 0
318 245 346 245 346 287 318 287 neuron 0
278 368 305 368 305 412 278 412 neuron 0
326 364 351 364 351 413 326 413 neuron 0
306 328 335 328 335 365 306 365 neuron 0
280 319 306 319 306 365 280 365 neuron 0
359 304 389 304 389 341 359 341 neuron 0
361 279 391 279 391 319 361 319 neuron 0
328 293 356 293 356 336 328 336 neuron 0
264 297 292 297 292 335 264 335 neuron 0
246 293 275 293 275 339 246 339 neuron 0
369 183 397 183 397 221 369 221 neuron 0
357 163 391 163 391 203 357 203 neuron 0
410 396 434 396 434 435 410 435 neuron 0
17 482 41 482 41 522 17 522 neuron 0
27 459 52 459 52 504 27 504 neuron 0
13 454 39 454 39 494 13 494 neuron 0
78 544 108 544 108 587 78 587 neuron 0
91 488 116 488 116 533 91 533 neuron 0
117 435 144 435 144 477 117 477 neuron 0
210 424 238 424 238 472 210 472 neuron 0
156 565 182 565 182 608 156 608 neuron 0
222 579 251 579 251 628 222 628 neuron 0
231 508 258 508 258 553 231 553 neuron 0
220 480 252 480 252 532 220 532 neuron 0
209 475 236 475 236 516 209 516 neuron 0
306 589 333 589 333 631 306 631 neuron 0
297 572 322 572 322 613 297 613 neuron 0
342 544 367 544 367 584 342 584 neuron 0
334 527 359 527 359 565 334 565 neuron 0
321 529 345 529 345 575 321 575 neuron 0
354 531 383 531 383 571 354 571 neuron 0
336 464 362 464 362 515 336 515 neuron 0
389 545 419 545 419 595 389 595 neuron 0
488 544 513 544 513 591 488 591 neuron 0
480 528 506 528 506 565 480 565 neuron 0
476 495 503 495 503 541 476 541 neuron 0
465 509 489 509 489 567 465 567 neuron 0
545 581 576 581 576 627 545 627 neuron 0
526 567 554 567 554 616 526 616 neuron 0
601 500 632 500 632 545 601 545 neuron 0
618 488 640 488 640 531 618 531 neuron 0
606 472 634 472 634 512 606 512 neuron 0
606 416 633 416 633 463 606 463 neuron 0
588 455 615 455 615 495 588 495 neuron 0
576 476 604 476 604 516 576 516 neuron 0
564 472 588 472 588 513 564 513 neuron 0
563 455 596 455 596 489 563 489 neuron 0
536 433 568 433 568 472 536 472 neuron 0
524 448 554 448 554 488 524 488 neuron 0
530 403 559 403 559 444 530 444 neuron 0
516 419 545 419 545 457 516 457 neuron 0
511 393 539 393 539 431 511 431 neuron 0
492 363 519 363 519 405 492 405 neuron 0
499 310 526 310 526 362 499 362 neuron 0
466 268 494 268 494 317 466 317 neuron 0
468 251 500 251 500 285 468 285 neuron 0
484 222 511 222 511 270 484 270 neuron 0
501 170 529 170 529 218 501 218 neuron 0
619 167 640 167 640 216 619 216 neuron 0
446 74 475 74 475 118 446 118 neuron 0
454 48 484 48 484 92 454 92 neuron 0
203 64 233 64 233 105 203 105 neuron 0
186 44 219 44 219 80 186 80 neuron 0