25 471 51 471 51 517 25 517 neuron 0
132 397 158 397 158 440 132 440 neuron 0
243 309 274 309 274 347 243 347 neuron 0
83 223 112 223 112 268 83 268 neuron 0
155 221 182 221 182 272 155 272 neuron 0
192 225 226 225 226 264 192 264 neuron 0
257 228 284 228 284 269 257 269 neuron 0
324 265 355 265 355 315 324 315 neuron 0
339 508 364 508 364 559 339 559 neuron 0
296 481 325 481 325 520 296 520 neuron 0
272 509 300 509 300 548 272 548 neuron 0
268 484 295 484 295 524 268 524 neuron 0
265 467 292 467 292 505 265 505 neuron 0
277 444 302 444 302 485 277 485 neuron 0
293 448 313 448 313 489 293 489 neuron 0
304 457 331 457 331 495 304 495 neuron 0
303 437 330 437 330 471 303 471 neuron 0
302 413 329 413 329 451 302 451 neuron 0
317 408 343 408 343 445 317 445 neuron 0
353 424 380 424 380 469 353 469 neuron 0
388 479 415 479 415 520 388 520 neuron 0
425 431 452 431 452 475 425 475 neuron 0
423 400 452 400 452 443 423 443 neuron 0
359 364 394 364 394 403 359 403 neuron 0
353 333 379 333 379 371 353 371 neuron 0
359 312 387 312 387 353 359 353 neuron 0
390 283 419 283 419 325 390 325 neuron 0
455 282 481 282 481 330 455 330 neuron 0
364 260 393 260 393 296 364 296 neuron 0
349 247 379 247 379 291 349 291 neuron 0
480 547 508 547 508 587 480 587 neuron 0
486 567 518 567 518 611 486 611 neuron 0
531 555 563 555 563 593 531 593 neuron 0
587 563 619 563 619 601 587 601 neuron 0
611 584 640 584 640 627 611 627 neuron 0
566 532 590 532 590 579 566 579 neuron 0
569 501 599 501 599 543 569 543 neuron 0
519 380 547 380 547 421 519 421 neuron 0
485 319 512 319 512 368 485 368 neuron 0
491 241 521 241 521 280 491 280 neuron 0
577 272 603 272 603 321 577 321 neuron 0
545 327 574 327 574 376 545 376 neuron 0
518 343 546 343 546 389 518 389 neuron 0
512 319 540 319 540 360 512 360 neuron 0
469 601 496 601 496 640 469 640 neuron 0
7 596 33 596 33 640 7 640 neuron 0
77 108 104 108 104 148 77 148 neuron 0
127 187 156 187 156 227 127 227 neuron 0
166 65 197 65 197 108 166 108 neuron 0
188 43 216 43 216 87 188 87 neuron 0
198 1 229 1 229 43 198 43 neuron 0
184 179 211 179 211 220 184 220 neuron 0
172 165 199 165 199 208 172 208 neuron 0
161 149 188 149 188 195 161 195 neuron 0
208 213 238 213 238 248 208 248 neuron 0
249 180 273 180 273 231 249 231 neuron 0
336 202 364 202 364 246 336 246 neuron 0
269 61 300 61 300 103 269 103 neuron 0
616 188 640 188 640 233 616 233 neuron 0
457 185 485 185 485 228 457 228 neuron 0
440 180 467 180 467 221 440 221 neuron 0
444 119 472 119 472 171 444 171 neuron 0
403 157 436 157 436 196 403 196 neuron 0
384 119 409 119 409 161 384 161 neuron 0
373 100 399 100 399 149 373 149 neuron 0