2 571 27 571 27 613 2 613 neuron 0
150 560 179 560 179 613 150 613 neuron 0
52 524 79 524 79 563 52 563 neuron 0
55 504 81 504 81 545 55 545 neuron 0
68 495 92 495 92 536 68 536 neuron 0
25 500 50 500 50 537 25 537 neuron 0
39 440 64 440 64 488 39 488 neuron 0
87 429 113 429 113 475 87 475 neuron 0
134 432 161 432 161 473 134 473 neuron 0
43 381 69 381 69 427 43 427 neuron 0
40 360 63 360 63 401 40 401 neuron 0
55 365 79 365 79 412 55 412 neuron 0
65 349 91 349 91 395 65 395 neuron 0
57 288 83 288 83 340 57 340 neuron 0
151 326 175 326 175 374 151 374 neuron 0
117 256 140 256 140 297 117 297 neuron 0
101 227 128 227 128 267 101 267 neuron 0
39 246 69 246 69 282 39 282 neuron 0
61 264 86 264 86 299 61 299 neuron 0
71 243 96 243 96 280 71 280 neuron 0
61 224 87 224 87 267 61 267 neuron 0
44 204 69 204 69 243 44 243 neuron 0
83 204 109 204 109 245 83 245 neuron 0
56 184 81 184 81 225 56 225 neuron 0
9 228 36 228 36 265 9 265 neuron 0
320 597 346 597 346 640 320 640 neuron 0
313 540 338 540 338 588 313 588 neuron 0
363 549 391 549 391 591 363 591 neuron 0
344 468 375 468 375 509 344 509 neuron 0
346 442 374 442 374 482 346 482 neuron 0
425 540 456 540 456 581 425 581 neuron 0
429 520 464 520 464 564 429 564 neuron 0
465 519 490 519 490 559 465 559 neuron 0
454 477 477 477 477 520 454 520 neuron 0
484 492 514 492 514 539 484 539 neuron 0
484 458 511 458 511 498 484 498 neuron 0
470 447 504 447 504 488 470 488 neuron 0
538 481 574 481 574 535 538 535 neuron 0
553 421 587 421 587 472 553 472 neuron 0
533 391 559 391 559 435 533 435 neuron 0
515 394 543 394 543 438 515 438 neuron 0
542 345 566 345 566 399 542 399 neuron 0
414 447 445 447 445 481 414 481 neuron 0
410 428 439 428 439 461 410 461 neuron 0
431 428 458 428 458 468 431 468 neuron 0
394 367 419 367 419 417 394 417 neuron 0
298 458 326 458 326 498 298 498 neuron 0
285 436 310 436 310 480 285 480 neuron 0
300 439 327 439 327 473 300 473 neuron 0
279 399 312 399 312 441 279 441 neuron 0
290 373 321 373 321 412 290 412 neuron 0
314 339 340 339 340 381 314 381 neuron 0
331 343 356 343 356 380 331 380 neuron 0
324 321 353 321 353 356 324 356 neuron 0
375 267 401 267 401 305 375 305 neuron 0
414 296 449 296 449 335 414 335 neuron 0
586 408 611 408 611 445 586 445 neuron 0
616 360 640 360 640 404 616 404 neuron 0
556 227 584 227 584 267 556 267 neuron 0
440 191 466 191 466 233 440 233 neuron 0
517 189 544 189 544 235 517 235 neuron 0
526 179 553 179 553 223 526 223 neuron 0
508 165 538 165 538 203 508 203 neuron 0
508 139 535 139 535 177 508 177 neuron 0
421 152 446 152 446 203 421 203 neuron 0
414 71 443 71 443 112 414 112 neuron 0
344 168 368 168 368 216 344 216 neuron 0
340 115 370 115 370 153 340 153 neuron 0
382 77 409 77 409 124 382 124 neuron 0
466 56 491 56 491 92 466 92 neuron 0
471 28 498 28 498 76 471 76 neuron 0
389 33 419 33 419 75 389 75 neuron 0
376 19 400 19 400 60 376 60 neuron 0
402 4 424 4 424 52 402 52 neuron 0
385 2 414 2 414 46 385 46 neuron 0
199 205 231 205 231 251 199 251 neuron 0
260 143 288 143 288 184 260 184 neuron 0
284 137 309 137 309 179 284 179 neuron 0
300 38 326 38 326 82 300 82 neuron 0
265 59 285 59 285 100 265 100 neuron 0
241 45 269 45 269 88 241 88 neuron 0
217 88 240 88 240 133 217 133 neuron 0
207 40 233 40 233 85 207 85 neuron 0
168 124 195 124 195 168 168 168 neuron 0
107 112 136 112 136 152 107 152 neuron 0
66 155 93 155 93 204 66 204 neuron 0
56 59 81 59 81 105 56 105 neuron 0
39 25 65 25 65 75 39 75 neuron 0