67 549 93 549 93 596 67 596 neuron 0
103 484 133 484 133 529 103 529 neuron 0
187 544 209 544 209 584 187 584 neuron 0
171 543 195 543 195 583 171 583 neuron 0
280 463 307 463 307 511 280 511 neuron 0
309 472 335 472 335 515 309 515 neuron 0
329 483 356 483 356 525 329 525 neuron 0
219 448 249 448 249 491 219 491 neuron 0
182 375 205 375 205 424 182 424 neuron 0
85 348 116 348 116 387 85 387 neuron 0
275 355 299 355 299 404 275 404 neuron 0
270 329 296 329 296 375 270 375 neuron 0
308 341 333 341 333 391 308 391 neuron 0
191 256 218 256 218 299 191 299 neuron 0
198 233 227 233 227 276 198 276 neuron 0
220 233 244 233 244 276 220 276 neuron 0
232 196 259 196 259 245 232 245 neuron 0
256 197 287 197 287 240 256 240 neuron 0
210 148 234 148 234 191 210 191 neuron 0
135 161 162 161 162 204 135 204 neuron 0
107 192 138 192 138 240 107 240 neuron 0
1 169 31 169 31 211 1 211 neuron 0
34 175 59 175 59 215 34 215 neuron 0
278 590 303 590 303 640 278 640 neuron 0
334 598 361 598 361 638 334 638 neuron 0
341 581 378 581 378 616 341 616 neuron 0
379 547 403 547 403 595 379 595 neuron 0
406 539 441 539 441 579 406 579 neuron 0
445 544 475 544 475 589 445 589 neuron 0
506 580 534 580 534 624 506 624 neuron 0
498 507 521 507 521 553 498 553 neuron 0
479 500 506 500 506 541 479 541 neuron 0
483 478 511 478 511 514 483 514 neuron 0
449 488 476 488 476 536 449 536 neuron 0
402 429 434 429 434 472 402 472 neuron 0
401 410 433 410 433 446 401 446 neuron 0
367 408 399 408 399 453 367 453 neuron 0
361 357 389 357 389 403 361 403 neuron 0
373 323 395 323 395 372 373 372 neuron 0
393 244 418 244 418 285 393 285 neuron 0
418 272 447 272 447 311 418 311 neuron 0
365 279 393 279 393 323 365 323 neuron 0
354 286 384 286 384 334 354 334 neuron 0
463 371 496 371 496 412 463 412 neuron 0
473 389 503 389 503 435 473 435 neuron 0
496 392 523 392 523 437 496 437 neuron 0
519 349 542 349 542 395 519 395 neuron 0
534 342 562 342 562 382 534 382 neuron 0
470 283 499 283 499 323 470 323 neuron 0
566 460 596 460 596 507 566 507 neuron 0
556 440 581 440 581 481 556 481 neuron 0
590 501 616 501 616 543 590 543 neuron 0
595 527 620 527 620 568 595 568 neuron 0
611 456 640 456 640 496 611 496 neuron 0
607 429 633 429 633 468 607 468 neuron 0
553 335 577 335 577 399 553 399 neuron 0
588 288 613 288 613 344 588 344 neuron 0
562 285 586 285 586 339 562 339 neuron 0
517 223 543 223 543 273 517 273 neuron 0
589 133 616 133 616 172 589 172 neuron 0
609 68 636 68 636 119 609 119 neuron 0
533 105 559 105 559 144 533 144 neuron 0
451 220 478 220 478 272 451 272 neuron 0
438 231 463 231 463 283 438 283 neuron 0
418 193 446 193 446 240 418 240 neuron 0
406 157 435 157 435 204 406 204 neuron 0
390 182 419 182 419 230 390 230 neuron 0
386 104 416 104 416 148 386 148 neuron 0
407 88 435 88 435 128 407 128 neuron 0
491 162 520 162 520 202 491 202 neuron 0
513 151 539 151 539 200 513 200 neuron 0
464 152 497 152 497 197 464 197 neuron 0
577 7 607 7 607 60 577 60 neuron 0
509 8 536 8 536 51 509 51 neuron 0
132 131 161 131 161 171 132 171 neuron 0
199 87 226 87 226 125 199 125 neuron 0
134 97 169 97 169 140 134 140 neuron 0
174 107 202 107 202 155 174 155 neuron 0
109 65 140 65 140 104 109 104 neuron 0
264 32 289 32 289 71 264 71 neuron 0
250 25 278 25 278 71 250 71 neuron 0
13 12 42 12 42 56 13 56 neuron 0