25 543 51 543 51 585 25 585 neuron 0
53 519 82 519 82 559 53 559 neuron 0
42 478 70 478 70 530 42 530 neuron 0
93 498 116 498 116 542 93 542 neuron 0
63 415 88 415 88 460 63 460 neuron 0
9 343 38 343 38 388 9 388 neuron 0
20 312 46 312 46 355 20 355 neuron 0
93 321 120 321 120 360 93 360 neuron 0
153 353 178 353 178 396 153 396 neuron 0
170 329 196 329 196 375 170 375 neuron 0
226 390 255 390 255 430 226 430 neuron 0
227 412 253 412 253 445 227 445 neuron 0
230 457 260 457 260 499 230 499 neuron 0
216 433 253 433 253 471 216 471 neuron 0
198 561 227 561 227 600 198 600 neuron 0
204 535 231 535 231 577 204 577 neuron 0
218 580 241 580 241 629 218 629 neuron 0
238 594 263 594 263 634 238 634 neuron 0
273 600 299 600 299 640 273 640 neuron 0
254 516 280 516 280 555 254 555 neuron 0
325 553 354 553 354 591 325 591 neuron 0
98 227 122 227 122 271 98 271 neuron 0
13 236 37 236 37 281 13 281 neuron 0
110 214 133 214 133 250 110 250 neuron 0
110 186 140 186 140 226 110 226 neuron 0
99 204 122 204 122 236 99 236 neuron 0
185 220 212 220 212 268 185 268 neuron 0
211 229 239 229 239 272 211 272 neuron 0
368 598 396 598 396 638 368 638 neuron 0
386 589 413 589 413 627 386 627 neuron 0
380 571 406 571 406 611 380 611 neuron 0
416 574 443 574 443 614 416 614 neuron 0
453 599 482 599 482 636 453 636 neuron 0
490 596 518 596 518 635 490 635 neuron 0
562 592 585 592 585 635 562 635 neuron 0
419 533 444 533 444 575 419 575 neuron 0
464 539 491 539 491 579 464 579 neuron 0
480 531 508 531 508 567 480 567 neuron 0
504 476 530 476 530 517 504 517 neuron 0
498 443 526 443 526 479 498 479 neuron 0
466 475 497 475 497 517 466 517 neuron 0
442 431 471 431 471 469 442 469 neuron 0
478 407 509 407 509 448 478 448 neuron 0
518 372 542 372 542 420 518 420 neuron 0
540 357 566 357 566 400 540 400 neuron 0
531 331 558 331 558 371 531 371 neuron 0
586 342 610 342 610 390 586 390 neuron 0
600 322 625 322 625 378 600 378 neuron 0
594 283 624 283 624 331 594 331 neuron 0
618 247 640 247 640 291 618 291 neuron 0
520 296 546 296 546 337 520 337 neuron 0
536 283 559 283 559 333 536 333 neuron 0
516 256 543 256 543 293 516 293 neuron 0
497 239 523 239 523 283 497 283 neuron 0
482 220 509 220 509 256 482 256 neuron 0
476 184 505 184 505 223 476 223 neuron 0
456 253 484 253 484 299 456 299 neuron 0
450 230 478 230 478 270 450 270 neuron 0
422 349 450 349 450 387 422 387 neuron 0
367 273 392 273 392 327 367 327 neuron 0
364 208 389 208 389 244 364 244 neuron 0
340 236 364 236 364 275 340 275 neuron 0
593 392 621 392 621 435 593 435 neuron 0
557 180 585 180 585 220 557 220 neuron 0
554 157 582 157 582 199 554 199 neuron 0
493 111 518 111 518 159 493 159 neuron 0
594 104 621 104 621 144 594 144 neuron 0
585 85 614 85 614 128 585 128 neuron 0
539 80 564 80 564 129 539 129 neuron 0
535 34 561 34 561 70 535 70 neuron 0
542 9 571 9 571 47 542 47 neuron 0
519 16 551 16 551 53 519 53 neuron 0
470 63 497 63 497 103 470 103 neuron 0
452 46 476 46 476 94 452 94 neuron 0
364 183 392 183 392 221 364 221 neuron 0
358 161 384 161 384 200 358 200 neuron 0
375 143 400 143 400 188 375 188 neuron 0
349 117 383 117 383 156 349 156 neuron 0
397 89 426 89 426 132 397 132 neuron 0
406 72 430 72 430 111 406 111 neuron 0
392 59 421 59 421 101 392 101 neuron 0
376 31 406 31 406 72 376 72 neuron 0
314 32 344 32 344 79 314 79 neuron 0
253 178 279 178 279 222 253 222 neuron 0
274 102 298 102 298 142 274 142 neuron 0
257 72 287 72 287 111 257 111 neuron 0
288 37 312 37 312 83 288 83 neuron 0
304 112 331 112 331 147 304 147 neuron 0
311 91 340 91 340 133 311 133 neuron 0
290 92 315 92 315 131 290 131 neuron 0
3 188 30 188 30 231 3 231 neuron 0
26 169 51 169 51 212 26 212 neuron 0
8 135 41 135 41 177 8 177 neuron 0
20 36 48 36 48 76 20 76 neuron 0
109 161 137 161 137 200 109 200 neuron 0
125 175 153 175 153 217 125 217 neuron 0
107 129 132 129 132 172 107 172 neuron 0
121 123 148 123 148 167 121 167 neuron 0
135 90 162 90 162 134 135 134 neuron 0
138 52 165 52 165 91 138 91 neuron 0
228 65 260 65 260 124 228 124 neuron 0
106 66 131 66 131 114 106 114 neuron 0
83 68 114 68 114 107 83 107 neuron 0
76 167 103 167 103 200 76 200 neuron 0
91 171 118 171 118 209 91 209 neuron 0
294 76 324 76 324 107 294 107 neuron 0