63 518 87 518 87 570 63 570 neuron 0
99 563 137 563 137 605 99 605 neuron 0
133 542 164 542 164 586 133 586 neuron 0
25 407 51 407 51 451 25 451 neuron 0
41 342 73 342 73 382 41 382 neuron 0
135 380 165 380 165 425 135 425 neuron 0
114 408 144 408 144 447 114 447 neuron 0
176 412 202 412 202 463 176 463 neuron 0
165 391 192 391 192 436 165 436 neuron 0
153 368 183 368 183 413 153 413 neuron 0
271 503 299 503 299 543 271 543 neuron 0
265 476 292 476 292 516 265 516 neuron 0
101 279 128 279 128 324 101 324 neuron 0
166 322 197 322 197 362 166 362 neuron 0
170 351 198 351 198 393 170 393 neuron 0
128 359 159 359 159 409 128 409 neuron 0
124 231 152 231 152 281 124 281 neuron 0
96 191 125 191 125 232 96 232 neuron 0
48 205 80 205 80 248 48 248 neuron 0
33 186 71 186 71 226 33 226 neuron 0
197 181 226 181 226 231 197 231 neuron 0
171 175 205 175 205 220 171 220 neuron 0
126 156 153 156 153 200 126 200 neuron 0
326 571 359 571 359 639 326 639 neuron 0
374 575 401 575 401 617 374 617 neuron 0
358 360 385 360 385 405 358 405 neuron 0
331 308 369 308 369 356 331 356 neuron 0
495 521 520 521 520 568 495 568 neuron 0
484 579 510 579 510 623 484 623 neuron 0
518 601 554 601 554 640 518 640 neuron 0
500 436 530 436 530 489 500 489 neuron 0
573 380 601 380 601 417 573 417 neuron 0
473 319 504 319 504 365 473 365 neuron 0
504 271 533 271 533 321 504 321 neuron 0
524 270 547 270 547 322 524 322 neuron 0
475 182 499 182 499 222 475 222 neuron 0
460 176 485 176 485 219 460 219 neuron 0
432 124 459 124 459 176 432 176 neuron 0
477 80 503 80 503 119 477 119 neuron 0
493 71 519 71 519 116 493 116 neuron 0
481 56 512 56 512 93 481 93 neuron 0
467 56 491 56 491 104 467 104 neuron 0
357 100 390 100 390 144 357 144 neuron 0
360 74 391 74 391 114 360 114 neuron 0
343 51 373 51 373 99 343 99 neuron 0
316 132 347 132 347 175 316 175 neuron 0
296 149 328 149 328 196 296 196 neuron 0
240 165 271 165 271 204 240 204 neuron 0
229 140 268 140 268 181 229 181 neuron 0
156 153 185 153 185 195 156 195 neuron 0
165 107 194 107 194 160 165 160 neuron 0