121 587 145 587 145 629 121 629 neuron 0
104 559 130 559 130 599 104 599 neuron 0
113 524 139 524 139 563 113 563 neuron 0
131 510 152 510 152 554 131 554 neuron 0
111 503 135 503 135 537 111 537 neuron 0
188 492 215 492 215 528 188 528 neuron 0
157 471 185 471 185 513 157 513 neuron 0
193 449 219 449 219 492 193 492 neuron 0
144 407 170 407 170 444 144 444 neuron 0
145 384 166 384 166 419 145 419 neuron 0
151 369 178 369 178 411 151 411 neuron 0
59 388 83 388 83 423 59 423 neuron 0
48 339 76 339 76 387 48 387 neuron 0
66 340 90 340 90 379 66 379 neuron 0
19 257 46 257 46 308 19 308 neuron 0
39 277 63 277 63 316 39 316 neuron 0
59 230 82 230 82 274 59 274 neuron 0
183 324 213 324 213 361 183 361 neuron 0
223 399 254 399 254 440 223 440 neuron 0
215 327 241 327 241 367 215 367 neuron 0
208 295 232 295 232 335 208 335 neuron 0
262 375 288 375 288 416 262 416 neuron 0
291 356 322 356 322 396 291 396 neuron 0
240 579 264 579 264 620 240 620 neuron 0
213 593 236 593 236 631 213 631 neuron 0
212 563 237 563 237 604 212 604 neuron 0
223 556 246 556 246 597 223 597 neuron 0
321 419 344 419 344 465 321 465 neuron 0
363 503 389 503 389 544 363 544 neuron 0
363 447 389 447 389 489 363 489 neuron 0
336 384 366 384 366 425 336 425 neuron 0
353 363 379 363 379 400 353 400 neuron 0
347 333 375 333 375 376 347 376 neuron 0
329 337 354 337 354 379 329 379 neuron 0
307 324 333 324 333 361 307 361 neuron 0
291 319 322 319 322 357 291 357 neuron 0
309 300 335 300 335 335 309 335 neuron 0
319 268 344 268 344 317 319 317 neuron 0
481 592 505 592 505 631 481 631 neuron 0
493 580 516 580 516 625 493 625 neuron 0
479 571 508 571 508 605 479 605 neuron 0
483 548 510 548 510 585 483 585 neuron 0
491 522 513 522 513 566 491 566 neuron 0
504 523 533 523 533 567 504 567 neuron 0
524 551 549 551 549 588 524 588 neuron 0
532 511 557 511 557 565 532 565 neuron 0
462 495 489 495 489 532 462 532 neuron 0
547 476 573 476 573 517 547 517 neuron 0
539 435 565 435 565 471 539 471 neuron 0
526 418 554 418 554 458 526 458 neuron 0
557 408 582 408 582 448 557 448 neuron 0
569 444 595 444 595 488 569 488 neuron 0
616 423 640 423 640 461 616 461 neuron 0
607 345 635 345 635 396 607 396 neuron 0
601 321 630 321 630 360 601 360 neuron 0
600 296 633 296 633 332 600 332 neuron 0
584 311 612 311 612 347 584 347 neuron 0
554 316 583 316 583 363 554 363 neuron 0
526 316 553 316 553 356 526 356 neuron 0
512 332 540 332 540 372 512 372 neuron 0
608 248 639 248 639 295 608 295 neuron 0
558 247 588 247 588 284 558 284 neuron 0
450 260 479 260 479 297 450 297 neuron 0
411 148 438 148 438 197 411 197 neuron 0
592 110 621 110 621 154 592 154 neuron 0
549 37 585 37 585 83 549 83 neuron 0
465 30 495 30 495 70 465 70 neuron 0
100 304 129 304 129 351 100 351 neuron 0
189 199 213 199 213 239 189 239 neuron 0
173 187 200 187 200 237 173 237 neuron 0
194 147 219 147 219 196 194 196 neuron 0
191 83 218 83 218 120 191 120 neuron 0
163 86 189 86 189 122 163 122 neuron 0
228 42 258 42 258 86 228 86 neuron 0
242 4 274 4 274 43 242 43 neuron 0
157 27 185 27 185 77 157 77 neuron 0
100 85 128 85 128 128 100 128 neuron 0
88 16 114 16 114 63 88 63 neuron 0
62 51 90 51 90 87 62 87 neuron 0
47 120 72 120 72 159 47 159 neuron 0
42 96 75 96 75 135 42 135 neuron 0
41 28 70 28 70 69 41 69 neuron 0
4 123 30 123 30 161 4 161 neuron 0
440 43 466 43 466 83 440 83 neuron 0