98 585 128 585 128 640 98 640 neuron 0
115 559 139 559 139 612 115 612 neuron 0
95 553 125 553 125 599 95 599 neuron 0
168 581 199 581 199 635 168 635 neuron 0
177 596 210 596 210 640 177 640 neuron 0
254 487 281 487 281 531 254 531 neuron 0
215 431 244 431 244 475 215 475 neuron 0
223 411 250 411 250 447 223 447 neuron 0
231 391 260 391 260 432 231 432 neuron 0
226 356 257 356 257 399 226 399 neuron 0
85 327 113 327 113 379 85 379 neuron 0
65 311 98 311 98 348 65 348 neuron 0
87 303 109 303 109 348 87 348 neuron 0
71 287 101 287 101 327 71 327 neuron 0
60 335 88 335 88 376 60 376 neuron 0
129 261 157 261 157 303 129 303 neuron 0
107 236 136 236 136 281 107 281 neuron 0
116 197 141 197 141 247 116 247 neuron 0
241 235 271 235 271 287 241 287 neuron 0
290 278 322 278 322 322 290 322 neuron 0
305 303 331 303 331 351 305 351 neuron 0
292 319 320 319 320 364 292 364 neuron 0
328 339 356 339 356 384 328 384 neuron 0
295 224 320 224 320 265 295 265 neuron 0
362 522 398 522 398 574 362 574 neuron 0
362 571 392 571 392 621 362 621 neuron 0
348 556 379 556 379 601 348 601 neuron 0
375 553 399 553 399 592 375 592 neuron 0
542 485 570 485 570 536 542 536 neuron 0
562 460 590 460 590 504 562 504 neuron 0
493 332 520 332 520 376 493 376 neuron 0
476 319 505 319 505 371 476 371 neuron 0
573 375 601 375 601 416 573 416 neuron 0
606 349 638 349 638 395 606 395 neuron 0
547 205 577 205 577 259 547 259 neuron 0
615 323 640 323 640 367 615 367 neuron 0
611 428 640 428 640 477 611 477 neuron 0
617 187 640 187 640 232 617 232 neuron 0
562 164 587 164 587 203 562 203 neuron 0
570 190 597 190 597 234 570 234 neuron 0
579 159 602 159 602 203 579 203 neuron 0
610 164 634 164 634 213 610 213 neuron 0
349 161 381 161 381 216 349 216 neuron 0
351 37 379 37 379 80 351 80 neuron 0
366 27 392 27 392 64 366 64 neuron 0
521 59 550 59 550 108 521 108 neuron 0
588 75 614 75 614 121 588 121 neuron 0
166 156 195 156 195 197 166 197 neuron 0
149 165 177 165 177 208 149 208 neuron 0
179 130 204 130 204 174 179 174 neuron 0
161 125 187 125 187 168 161 168 neuron 0
167 101 200 101 200 143 167 143 neuron 0
237 120 268 120 268 173 237 173 neuron 0
101 67 129 67 129 109 101 109 neuron 0
87 26 116 26 116 74 87 74 neuron 0
275 53 303 53 303 91 275 91 neuron 0
279 27 307 27 307 65 279 65 neuron 0
304 19 333 19 333 65 304 65 neuron 0
527 15 552 15 552 55 527 55 neuron 0
543 16 567 16 567 59 543 59 neuron 0