68 72 99 72 99 120 68 120 neuron 0
85 469 111 469 111 515 85 515 neuron 0
4 509 33 509 33 551 4 551 neuron 0
72 410 100 410 100 450 72 450 neuron 0
64 360 93 360 93 404 64 404 neuron 0
110 371 138 371 138 408 110 408 neuron 0
118 347 147 347 147 391 118 391 neuron 0
102 350 128 350 128 386 102 386 neuron 0
101 321 130 321 130 364 101 364 neuron 0
38 291 63 291 63 332 38 332 neuron 0
52 159 78 159 78 200 52 200 neuron 0
74 155 100 155 100 197 74 197 neuron 0
86 183 113 183 113 221 86 221 neuron 0
97 202 125 202 125 246 97 246 neuron 0
134 208 162 208 162 252 134 252 neuron 0
162 168 194 168 194 211 162 211 neuron 0
183 157 217 157 217 203 183 203 neuron 0
218 175 248 175 248 220 218 220 neuron 0
234 208 264 208 264 257 234 257 neuron 0
198 242 228 242 228 278 198 278 neuron 0
208 263 236 263 236 300 208 300 neuron 0
189 260 217 260 217 299 189 299 neuron 0
210 333 232 333 232 368 210 368 neuron 0
220 311 243 311 243 359 220 359 neuron 0
195 314 220 314 220 358 195 358 neuron 0
209 295 235 295 235 337 209 337 neuron 0
6 47 34 47 34 89 6 89 neuron 0
30 7 59 7 59 51 30 51 neuron 0
161 42 187 42 187 86 161 86 neuron 0
175 28 204 28 204 71 175 71 neuron 0
144 77 168 77 168 124 144 124 neuron 0
243 12 271 12 271 52 243 52 neuron 0
279 43 304 43 304 91 279 91 neuron 0
281 15 310 15 310 59 281 59 neuron 0
276 599 302 599 302 639 276 639 neuron 0
294 567 320 567 320 609 294 609 neuron 0
297 531 325 531 325 572 297 572 neuron 0
274 529 297 529 297 572 274 572 neuron 0
285 506 314 506 314 554 285 554 neuron 0
239 431 267 431 267 469 239 469 neuron 0
231 403 258 403 258 444 231 444 neuron 0
443 468 472 468 472 512 443 512 neuron 0
392 405 420 405 420 448 392 448 neuron 0
441 393 470 393 470 439 441 439 neuron 0
462 391 490 391 490 435 462 435 neuron 0
573 558 600 558 600 606 573 606 neuron 0
575 514 600 514 600 562 575 562 neuron 0
594 415 620 415 620 463 594 463 neuron 0
614 409 640 409 640 456 614 456 neuron 0
594 380 621 380 621 420 594 420 neuron 0
393 340 420 340 420 380 393 380 neuron 0
363 315 392 315 392 355 363 355 neuron 0
403 310 435 310 435 358 403 358 neuron 0
598 281 624 281 624 323 598 323 neuron 0
597 236 623 236 623 281 597 281 neuron 0
576 212 603 212 603 251 576 251 neuron 0
561 213 587 213 587 256 561 256 neuron 0
533 181 562 181 562 220 533 220 neuron 0
491 223 525 223 525 267 491 267 neuron 0
452 149 480 149 480 196 452 196 neuron 0
476 111 504 111 504 153 476 153 neuron 0
516 83 548 83 548 129 516 129 neuron 0
457 6 483 6 483 54 457 54 neuron 0
498 2 528 2 528 38 498 38 neuron 0
419 87 445 87 445 123 419 123 neuron 0
402 88 429 88 429 124 402 124 neuron 0
397 235 423 235 423 272 397 272 neuron 0
397 215 424 215 424 247 397 247 neuron 0
386 231 410 231 410 273 386 273 neuron 0
361 219 389 219 389 261 361 261 neuron 0
593 22 623 22 623 62 593 62 neuron 0
604 6 630 6 630 50 604 50 neuron 0
531 0 559 0 559 43 531 43 neuron 0
329 136 356 136 356 180 329 180 neuron 0
300 88 332 88 332 135 300 135 neuron 0
334 63 363 63 363 109 334 109 neuron 0
385 37 408 37 408 88 385 88 neuron 0
350 28 377 28 377 72 350 72 neuron 0
327 14 356 14 356 54 327 54 neuron 0
306 8 336 8 336 52 306 52 neuron 0
116 258 143 258 143 310 116 310 neuron 0