11 458 39 458 39 502 11 502 neuron 0
57 558 85 558 85 598 57 598 neuron 0
197 562 226 562 226 606 197 606 neuron 0
256 585 281 585 281 628 256 628 neuron 0
274 568 300 568 300 615 274 615 neuron 0
295 508 315 508 315 548 295 548 neuron 0
306 519 331 519 331 565 306 565 neuron 0
243 473 271 473 271 519 243 519 neuron 0
229 492 254 492 254 533 229 533 neuron 0
215 492 238 492 238 535 215 535 neuron 0
218 469 245 469 245 508 218 508 neuron 0
217 451 241 451 241 485 217 485 neuron 0
185 379 210 379 210 427 185 427 neuron 0
192 331 217 331 217 367 192 367 neuron 0
174 320 200 320 200 363 174 363 neuron 0
158 328 186 328 186 369 158 369 neuron 0
100 286 128 286 128 330 100 330 neuron 0
284 344 312 344 312 387 284 387 neuron 0
293 318 323 318 323 370 293 370 neuron 0
314 333 340 333 340 375 314 375 neuron 0
350 364 376 364 376 411 350 411 neuron 0
339 313 364 313 364 355 339 355 neuron 0
410 328 439 328 439 373 410 373 neuron 0
372 448 396 448 396 491 372 491 neuron 0
388 519 412 519 412 560 388 560 neuron 0
459 541 482 541 482 579 459 579 neuron 0
454 508 480 508 480 552 454 552 neuron 0
476 573 505 573 505 616 476 616 neuron 0
549 577 583 577 583 619 549 619 neuron 0
588 570 619 570 619 614 588 614 neuron 0
582 397 607 397 607 440 582 440 neuron 0
592 368 616 368 616 416 592 416 neuron 0
578 367 602 367 602 408 578 408 neuron 0
580 333 604 333 604 380 580 380 neuron 0
575 277 602 277 602 316 575 316 neuron 0
565 46 596 46 596 86 565 86 neuron 0
581 24 609 24 609 65 581 65 neuron 0
563 16 590 16 590 57 563 57 neuron 0
354 245 381 245 381 295 354 295 neuron 0
372 267 400 267 400 315 372 315 neuron 0
458 75 486 75 486 123 458 123 neuron 0
500 64 526 64 526 111 500 111 neuron 0
439 48 466 48 466 81 439 81 neuron 0
417 48 447 48 447 84 417 84 neuron 0
440 21 468 21 468 59 440 59 neuron 0
414 4 437 4 437 47 414 47 neuron 0
388 61 415 61 415 103 388 103 neuron 0
368 47 403 47 403 95 368 95 neuron 0
275 213 298 213 298 255 275 255 neuron 0
253 110 279 110 279 154 253 154 neuron 0
226 139 252 139 252 172 226 172 neuron 0
206 140 234 140 234 183 206 183 neuron 0
171 237 196 237 196 279 171 279 neuron 0
52 301 84 301 84 343 52 343 neuron 0
37 318 64 318 64 354 37 354 neuron 0
20 145 52 145 52 188 20 188 neuron 0
60 96 87 96 87 137 60 137 neuron 0
40 72 67 72 67 112 40 112 neuron 0
33 47 61 47 61 87 33 87 neuron 0
66 66 96 66 96 110 66 110 neuron 0
71 27 98 27 98 80 71 80 neuron 0
21 21 46 21 46 68 21 68 neuron 0
4 12 30 12 30 53 4 53 neuron 0
310 17 334 17 334 59 310 59 neuron 0