27 492 52 492 52 540 27 540 neuron 0
67 500 97 500 97 553 67 553 neuron 0
133 483 161 483 161 532 133 532 neuron 0
173 585 202 585 202 628 173 628 neuron 0
173 444 207 444 207 484 173 484 neuron 0
96 415 123 415 123 467 96 467 neuron 0
197 313 221 313 221 364 197 364 neuron 0
155 276 190 276 190 312 155 312 neuron 0
269 348 296 348 296 395 269 395 neuron 0
266 320 294 320 294 360 266 360 neuron 0
352 504 377 504 377 548 352 548 neuron 0
368 503 391 503 391 547 368 547 neuron 0
449 596 478 596 478 640 449 640 neuron 0
610 558 638 558 638 602 610 602 neuron 0
526 535 557 535 557 576 526 576 neuron 0
548 535 575 535 575 573 548 573 neuron 0
562 548 589 548 589 588 562 588 neuron 0
553 471 581 471 581 516 553 516 neuron 0
569 431 593 431 593 479 569 479 neuron 0
555 421 578 421 578 468 555 468 neuron 0
547 365 571 365 571 411 547 411 neuron 0
571 251 599 251 599 287 571 287 neuron 0
473 495 501 495 501 533 473 533 neuron 0
468 477 494 477 494 512 468 512 neuron 0
488 478 514 478 514 522 488 522 neuron 0
463 459 492 459 492 491 463 491 neuron 0
487 451 515 451 515 491 487 491 neuron 0
476 431 500 431 500 471 476 471 neuron 0
491 424 517 424 517 464 491 464 neuron 0
489 399 520 399 520 441 489 441 neuron 0
473 360 499 360 499 408 473 408 neuron 0
613 227 640 227 640 272 613 272 neuron 0
614 257 640 257 640 295 614 295 neuron 0
475 245 502 245 502 288 475 288 neuron 0
442 290 471 290 471 334 442 334 neuron 0
433 232 460 232 460 277 433 277 neuron 0
513 175 542 175 542 219 513 219 neuron 0
538 176 571 176 571 217 538 217 neuron 0
500 179 524 179 524 224 500 224 neuron 0
504 135 530 135 530 175 504 175 neuron 0
511 113 540 113 540 159 511 159 neuron 0
476 96 506 96 506 135 476 135 neuron 0
495 40 520 40 520 88 495 88 neuron 0
520 4 546 4 546 53 520 53 neuron 0
534 19 563 19 563 65 534 65 neuron 0
400 208 429 208 429 247 400 247 neuron 0
409 183 436 183 436 225 409 225 neuron 0
427 179 450 179 450 221 427 221 neuron 0
433 143 460 143 460 185 433 185 neuron 0
372 166 402 166 402 202 372 202 neuron 0
408 88 439 88 439 136 408 136 neuron 0
389 106 415 106 415 154 389 154 neuron 0
374 188 403 188 403 224 374 224 neuron 0
7 89 35 89 35 136 7 136 neuron 0
8 124 38 124 38 164 8 164 neuron 0
91 124 120 124 120 167 91 167 neuron 0
130 123 158 123 158 169 130 169 neuron 0
142 112 171 112 171 156 142 156 neuron 0
159 146 187 146 187 190 159 190 neuron 0
180 211 207 211 207 267 180 267 neuron 0
241 169 265 169 265 215 241 215 neuron 0
204 160 237 160 237 197 204 197 neuron 0
192 135 222 135 222 172 192 172 neuron 0
176 123 214 123 214 157 176 157 neuron 0
170 104 202 104 202 139 170 139 neuron 0
328 141 354 141 354 179 328 179 neuron 0
193 27 226 27 226 76 193 76 neuron 0
270 39 297 39 297 76 270 76 neuron 0
262 56 286 56 286 96 262 96 neuron 0
279 64 307 64 307 101 279 101 neuron 0
308 101 337 101 337 139 308 139 neuron 0
338 81 362 81 362 120 338 120 neuron 0
321 59 350 59 350 104 321 104 neuron 0