27 513 50 513 50 560 27 560 neuron 0
51 512 80 512 80 556 51 556 neuron 0
38 504 62 504 62 547 38 547 neuron 0
312 535 341 535 341 573 312 573 neuron 0
312 499 344 499 344 536 312 536 neuron 0
316 476 345 476 345 516 316 516 neuron 0
298 465 324 465 324 516 298 516 neuron 0
220 451 248 451 248 491 220 491 neuron 0
190 440 215 440 215 480 190 480 neuron 0
138 423 168 423 168 463 138 463 neuron 0
207 409 234 409 234 459 207 459 neuron 0
101 407 126 407 126 447 101 447 neuron 0
85 415 113 415 113 460 85 460 neuron 0
218 355 244 355 244 396 218 396 neuron 0
212 344 240 344 240 377 212 377 neuron 0
110 326 137 326 137 366 110 366 neuron 0
280 379 308 379 308 419 280 419 neuron 0
306 321 330 321 330 364 306 364 neuron 0
210 291 238 291 238 340 210 340 neuron 0
298 285 330 285 330 323 298 323 neuron 0
282 291 312 291 312 328 282 328 neuron 0
266 291 289 291 289 331 266 331 neuron 0
229 281 260 281 260 316 229 316 neuron 0
237 228 265 228 265 272 237 272 neuron 0
214 199 239 199 239 249 214 249 neuron 0
112 249 148 249 148 287 112 287 neuron 0
57 225 84 225 84 264 57 264 neuron 0
64 208 92 208 92 247 64 247 neuron 0
54 194 81 194 81 230 54 230 neuron 0
369 440 392 440 392 488 369 488 neuron 0
362 352 388 352 388 392 362 392 neuron 0
378 357 403 357 403 400 378 400 neuron 0
367 329 395 329 395 367 367 367 neuron 0
338 325 364 325 364 367 338 367 neuron 0
392 331 422 331 422 369 392 369 neuron 0
390 308 419 308 419 343 390 343 neuron 0
384 281 416 281 416 320 384 320 neuron 0
372 307 400 307 400 341 372 341 neuron 0
429 272 459 272 459 315 429 315 neuron 0
566 255 599 255 599 301 566 301 neuron 0
477 571 504 571 504 617 477 617 neuron 0
479 597 505 597 505 640 479 640 neuron 0
613 347 637 347 637 392 613 392 neuron 0
615 371 640 371 640 408 615 408 neuron 0
549 195 574 195 574 239 549 239 neuron 0
542 168 569 168 569 211 542 211 neuron 0
494 189 521 189 521 231 494 231 neuron 0
506 97 530 97 530 140 506 140 neuron 0
449 233 476 233 476 284 449 284 neuron 0
457 192 486 192 486 233 457 233 neuron 0
420 203 446 203 446 243 420 243 neuron 0
389 166 418 166 418 210 389 210 neuron 0
427 77 454 77 454 120 427 120 neuron 0
469 37 495 37 495 83 469 83 neuron 0
455 32 478 32 478 76 455 76 neuron 0
441 19 472 19 472 57 441 57 neuron 0
418 15 444 15 444 56 418 56 neuron 0
332 239 356 239 356 281 332 281 neuron 0
321 223 348 223 348 267 321 267 neuron 0
276 184 304 184 304 233 276 233 neuron 0
308 156 331 156 331 205 308 205 neuron 0
335 111 361 111 361 153 335 153 neuron 0
274 147 298 147 298 191 274 191 neuron 0
274 120 306 120 306 161 274 161 neuron 0
231 122 256 122 256 170 231 170 neuron 0
216 108 239 108 239 148 216 148 neuron 0
198 111 225 111 225 152 198 152 neuron 0
229 91 257 91 257 127 229 127 neuron 0
243 72 270 72 270 111 243 111 neuron 0
255 24 283 24 283 65 255 65 neuron 0
246 12 269 12 269 52 246 52 neuron 0
224 16 252 16 252 60 224 60 neuron 0
208 64 233 64 233 104 208 104 neuron 0
193 68 218 68 218 109 193 109 neuron 0
181 44 214 44 214 81 181 81 neuron 0
165 7 195 7 195 60 165 60 neuron 0
91 137 115 137 115 188 91 188 neuron 0
85 116 119 116 119 155 85 155 neuron 0
76 11 106 11 106 56 76 56 neuron 0
62 167 83 167 83 209 62 209 neuron 0
44 175 70 175 70 215 44 215 neuron 0
32 177 56 177 56 219 32 219 neuron 0
42 147 69 147 69 184 42 184 neuron 0
31 157 55 157 55 191 31 191 neuron 0
48 128 73 128 73 168 48 168 neuron 0
26 140 52 140 52 173 26 173 neuron 0
31 67 56 67 56 113 31 113 neuron 0
330 48 363 48 363 84 330 84 neuron 0
12 23 44 23 44 64 12 64 neuron 0